
strategic_region={
	id=10
	name="STRATEGICREGION_10"
	provinces={
		148 177 272 477 496 638 695 700 797 859 887 978 1002 1032 1049 1119 1601 1616 1617 1676 1913 2008 2083 2209 2258 2279 2323 2459 2607 3115 3229 3287 3295 3308 3602 3758 3868 4025 4276 4369 4598 4615 4617 4641 4785 4923 4930 4987 5194 5240 5275 5312 5324 5557 5741 5742 5831 5898 6121 6221 6319 6484 6505 6556 6670 10252 10254 10268 10297 10311 10323 10340 10346 10351 10354 10370 10371 10382 10394 10395 10401 10404 10418 10432 10438 10453 10457 10458 10460 10462 10483 10488 10496 10499 10506 10524 10533 10538 10541 10562 10566 10575 
	}
	weather={
		period={
			between={ 0.0 30.11 }
			temperature={ 12.0 30.0 }
			no_phenomenon=0.500
			rain_light=0.250
			rain_heavy=0.100
			snow=0.000
			blizzard=0.000
			arctic_water=0.000
			mud=1.000
			sandstorm=0.000
			min_snow_level=0.000
		}
	}
}
