
strategic_region={
	id=11
	name="STRATEGICREGION_11"
	provinces={
		155 166 261 396 481 491 594 877 967 1048 1210 1456 1584 1631 1936 1996 2080 2400 2535 2549 2573 2611 2855 2865 2961 3107 3110 3269 3486 3526 3535 3701 3712 3760 3779 3864 3885 4079 4372 4637 4822 5037 5064 5082 5267 5306 5329 5346 5477 5586 5675 5933 6037 6115 6164 6209 6448 10272 10290 10292 10306 10320 10331 10336 10345 10353 10357 10363 10398 10402 10403 10417 10420 10425 10429 10441 10444 10459 10466 10467 10473 10474 10487 10493 10495 
	}
	weather={
		period={
			between={ 0.0 30.11 }
			temperature={ 12.0 30.0 }
			no_phenomenon=0.500
			rain_light=0.250
			rain_heavy=0.100
			snow=0.000
			blizzard=0.000
			arctic_water=0.000
			mud=1.000
			sandstorm=0.000
			min_snow_level=0.000
		}
	}
}
