
strategic_region={
	id=113
	name="STRATEGICREGION_113"
	provinces={
		27 265 507 948 1385 1467 1589 1593 1744 2146 2206 2243 2308 2378 2392 2466 2532 2595 2659 2988 3070 3082 3183 3505 3574 3672 3688 4305 4424 4599 4720 5029 5206 5221 5228 5369 5561 5660 5838 5876 5958 5990 6035 6036 6139 6260 6376 6407 6509 6561 6629 6631 7418 7444 7480 7486 7515 7557 7585 7604 7609 7658 7664 7676 7706 7720 7732 7749 7773 7786 7789 7796 7830 7841 7851 7868 7872 
	}
	weather={
		period={
			between={ 0.0 30.11 }
			temperature={ 12.0 30.0 }
			no_phenomenon=0.500
			rain_light=0.250
			rain_heavy=0.100
			snow=0.000
			blizzard=0.000
			arctic_water=0.000
			mud=1.000
			sandstorm=0.000
			min_snow_level=0.000
		}
	}
}
