
strategic_region={
	id=114
	name="STRATEGICREGION_114"
	provinces={
		91 237 316 351 361 434 723 772 839 841 979 1115 1129 1133 1189 1225 1273 1333 1381 1517 1615 1762 1783 1827 2009 2060 2139 2175 2326 2390 2447 2547 2748 2806 2889 2904 3067 3130 3176 3206 3234 3302 3432 3518 3529 3533 3542 3614 3689 3770 3802 3819 4202 4211 4228 4298 4350 4512 4533 4616 4762 4780 4801 4811 4920 4998 5012 5138 5223 5254 5371 5448 5880 5921 6083 6232 6262 6278 6312 6337 6349 6573 6688 6690 7597 7602 7603 7621 7636 7639 7643 7652 7663 7687 7703 7712 7718 7719 7729 7739 7768 7776 7782 7817 7829 7850 7863 7870 7877 7894 7897 7901 7909 7930 7931 7935 7947 7959 7976 8010 8014 8015 
	}
	weather={
		period={
			between={ 0.0 30.11 }
			temperature={ 12.0 30.0 }
			no_phenomenon=0.500
			rain_light=0.250
			rain_heavy=0.100
			snow=0.000
			blizzard=0.000
			arctic_water=0.000
			mud=1.000
			sandstorm=0.000
			min_snow_level=0.000
		}
	}
}
