
strategic_region={
	id=115
	name="STRATEGICREGION_115"
	provinces={
		52 70 257 312 315 367 567 692 773 782 1042 1086 1156 1292 1393 1528 1663 1665 1838 2086 2108 2132 2213 2216 2491 2916 2945 3171 3242 3260 3417 3624 3652 3654 3731 3743 3820 3922 3998 4010 4046 4204 4234 4403 4452 4507 4525 4535 4569 4696 4768 4806 4861 4926 5070 5137 5347 5661 5745 5754 5787 5892 5981 6061 6192 6307 6336 6459 7186 7228 7250 7253 7260 7271 7282 7290 7306 7309 7338 7342 7351 7352 7361 7377 7381 7387 7402 7413 7415 7443 7455 7461 7468 7484 7485 7513 7514 7525 7554 7566 
	}
	weather={
		period={
			between={ 0.0 30.11 }
			temperature={ 12.0 30.0 }
			no_phenomenon=0.500
			rain_light=0.250
			rain_heavy=0.100
			snow=0.000
			blizzard=0.000
			arctic_water=0.000
			mud=1.000
			sandstorm=0.000
			min_snow_level=0.000
		}
	}
}
