
strategic_region={
	id=116
	name="STRATEGICREGION_116"
	provinces={
		100 158 210 292 327 380 447 476 521 606 808 850 962 1118 1132 1197 1410 1606 2059 2117 2568 2734 2768 3056 3141 3251 3576 3751 3762 3792 3854 3942 3984 4127 4138 4207 4399 4463 4864 5123 5142 5259 5537 5538 5615 5929 5996 6015 6046 6166 6291 6332 6355 6396 6411 6485 6569 6619 6827 6849 6865 6877 6892 6919 6920 6938 6961 6970 6978 6996 7014 7022 7023 7032 7047 7061 7067 7083 7100 7134 7138 7141 7143 7144 7176 7185 
	}
	weather={
		period={
			between={ 0.0 30.11 }
			temperature={ 12.0 30.0 }
			no_phenomenon=0.500
			rain_light=0.250
			rain_heavy=0.100
			snow=0.000
			blizzard=0.000
			arctic_water=0.000
			mud=1.000
			sandstorm=0.000
			min_snow_level=0.000
		}
	}
}
