
strategic_region={
	id=117
	name="STRATEGICREGION_117"
	provinces={
		38 65 309 354 721 927 975 998 1191 1200 1201 1586 1618 1711 2017 2027 2150 2329 2424 2434 2473 2546 2590 2703 2846 2972 2987 3040 3220 3224 4026 4082 4142 4318 4502 4592 4684 4814 4842 4975 5041 5106 5128 5186 5858 6105 6132 6306 6440 6575 6633 8051 8056 8059 8082 8085 8097 8111 8119 8124 8142 8157 8158 8164 8192 8193 8195 8198 8228 8236 8263 8289 8335 8361 8362 8394 8403 8431 8438 8459 8467 8505 8532 8609 
	}
	weather={
		period={
			between={ 0.0 30.11 }
			temperature={ 12.0 30.0 }
			no_phenomenon=0.500
			rain_light=0.250
			rain_heavy=0.100
			snow=0.000
			blizzard=0.000
			arctic_water=0.000
			mud=1.000
			sandstorm=0.000
			min_snow_level=0.000
		}
	}
}
