
strategic_region={
	id=118
	name="STRATEGICREGION_118"
	provinces={
		30 219 232 321 359 435 517 649 670 675 777 845 853 910 919 1039 1194 1208 1224 1250 1279 1286 1336 1413 1438 1641 1656 1752 1919 2010 2037 2204 2263 2291 2347 2350 2383 2456 2619 2730 2881 2903 2921 2927 3073 3143 3207 3243 3255 3326 3374 3399 3463 3477 3554 3693 3821 3866 3926 3953 3974 4281 4514 4646 4663 4675 4793 4962 5074 5087 5091 5124 5281 5318 5482 5562 5786 5847 5857 5863 5884 5895 5897 5906 5911 5953 6072 6148 6173 6357 6370 6420 6455 6476 6500 6570 6611 6617 8314 8332 8333 8342 8356 8359 8368 8374 8383 8386 8399 8401 8402 8413 8420 8426 8434 8452 8453 8483 8497 8503 8523 8545 8546 8550 8561 8569 8571 8587 8588 8599 8605 8612 8637 8657 8683 8712 8720 8735 8788 8793 8797 8807 8819 8836 8850 8851 8857 8890 
	}
	weather={
		period={
			between={ 0.0 30.11 }
			temperature={ 12.0 30.0 }
			no_phenomenon=0.500
			rain_light=0.250
			rain_heavy=0.100
			snow=0.000
			blizzard=0.000
			arctic_water=0.000
			mud=1.000
			sandstorm=0.000
			min_snow_level=0.000
		}
	}
}
