
strategic_region={
	id=119
	name="STRATEGICREGION_119"
	provinces={
		236 279 345 366 369 414 415 438 444 526 541 624 641 733 1001 1317 1542 1639 1657 1687 1694 1907 2379 2492 2633 2673 2775 2805 2948 3118 3193 3273 3481 3637 3714 3924 4020 4184 4190 4314 4376 4420 4482 4548 4855 5340 5454 5617 5828 5968 5972 6012 6023 6235 6390 6403 6415 6525 6548 6576 6681 8406 8427 8430 8443 8451 8470 8473 8479 8488 8492 8496 8520 8537 8538 8553 8557 8570 8574 8592 8608 8611 8621 8632 8639 8646 8652 8661 8673 8689 8694 8697 8719 8725 8734 8755 8758 8768 8779 8796 8812 8823 8856 
	}
	weather={
		period={
			between={ 0.0 30.11 }
			temperature={ 12.0 30.0 }
			no_phenomenon=0.500
			rain_light=0.250
			rain_heavy=0.100
			snow=0.000
			blizzard=0.000
			arctic_water=0.000
			mud=1.000
			sandstorm=0.000
			min_snow_level=0.000
		}
	}
}
