
strategic_region={
	id=12
	name="STRATEGICREGION_12"
	provinces={
		84 150 429 787 866 1030 1137 1146 1158 1161 1368 1409 1605 1836 1900 2000 2012 2362 2567 2928 2934 3037 3064 3135 3325 3506 3578 4147 4247 4521 4612 4724 5197 5315 5336 5817 5877 6384 6460 6503 6511 6545 10174 10188 10189 10203 10205 10228 10231 10251 10267 10269 10276 10277 10287 10303 10304 10317 10321 10322 10328 10335 10348 10360 10362 10364 10374 10383 10406 10416 
	}
	weather={
		period={
			between={ 0.0 30.11 }
			temperature={ 12.0 30.0 }
			no_phenomenon=0.500
			rain_light=0.250
			rain_heavy=0.100
			snow=0.000
			blizzard=0.000
			arctic_water=0.000
			mud=1.000
			sandstorm=0.000
			min_snow_level=0.000
		}
	}
}
