
strategic_region={
	id=120
	name="STRATEGICREGION_120"
	provinces={
		59 85 184 248 294 404 539 661 831 892 954 1125 1141 1148 1173 1367 1388 1461 1505 1530 1591 1621 1834 1997 2002 2373 2411 2413 2425 2521 2596 2774 3156 3346 3389 3928 4061 4064 4170 4391 4518 4578 4665 4678 4769 5048 5140 5150 5310 5327 5380 5411 5422 5490 5506 5569 5764 6182 6211 6216 6323 7900 7975 7979 7992 8001 8046 8057 8058 8065 8070 8075 8090 8096 8104 8117 8118 8132 8139 8156 8166 8167 8191 8204 8209 8221 8234 8235 8243 8246 8256 8259 8260 8270 8334 
	}
	weather={
		period={
			between={ 0.0 30.11 }
			temperature={ 12.0 30.0 }
			no_phenomenon=0.500
			rain_light=0.250
			rain_heavy=0.100
			snow=0.000
			blizzard=0.000
			arctic_water=0.000
			mud=1.000
			sandstorm=0.000
			min_snow_level=0.000
		}
	}
}
