
strategic_region={
	id=121
	name="STRATEGICREGION_121"
	provinces={
		130 443 635 681 732 901 1054 1082 1251 1449 1534 1682 1776 1815 1831 1935 2028 2072 2414 2516 2548 2755 2843 2868 3041 3123 3180 3424 3803 3832 4015 4018 4319 4595 4671 4779 4789 4871 4973 5038 5040 5271 5344 5402 5405 5430 5503 5619 5652 5703 5812 5823 5826 6055 6074 6157 6310 6385 7575 7590 7618 7665 7668 7671 7673 7694 7702 7717 7735 7742 7758 7767 7804 7816 7826 7837 7839 7840 7847 7862 7865 7876 7890 7895 7908 7913 7919 7929 7971 7980 7997 
	}
	weather={
		period={
			between={ 0.0 30.11 }
			temperature={ 12.0 30.0 }
			no_phenomenon=0.500
			rain_light=0.250
			rain_heavy=0.100
			snow=0.000
			blizzard=0.000
			arctic_water=0.000
			mud=1.000
			sandstorm=0.000
			min_snow_level=0.000
		}
	}
}
