
strategic_region={
	id=122
	name="STRATEGICREGION_122"
	provinces={
		23 64 124 405 609 677 824 983 1252 1283 1359 1581 1669 1692 1748 1887 1982 1995 2106 2487 2534 2563 2580 2588 2639 3178 3335 3445 3540 3558 3679 3774 3781 3861 4117 4137 4470 4587 4667 4726 4837 4848 5052 5166 5244 5297 5934 6005 6151 6205 6217 6273 6293 6458 6558 6639 7110 7114 7133 7142 7179 7184 7196 7201 7222 7241 7265 7275 7276 7281 7289 7299 7308 7314 7323 7337 7341 7345 7366 7374 7384 7401 7417 7450 7467 7499 7506 7507 7522 7542 7546 7553 7565 7571 7587 7601 7619 7620 
	}
	weather={
		period={
			between={ 0.0 30.11 }
			temperature={ 12.0 30.0 }
			no_phenomenon=0.500
			rain_light=0.250
			rain_heavy=0.100
			snow=0.000
			blizzard=0.000
			arctic_water=0.000
			mud=1.000
			sandstorm=0.000
			min_snow_level=0.000
		}
	}
}
