
strategic_region={
	id=123
	name="STRATEGICREGION_123"
	provinces={
		69 132 182 243 269 275 571 656 687 995 1196 1356 1390 1407 1453 1595 1726 1802 1879 2251 2359 2519 2606 2623 2915 3210 3233 3307 3364 3495 3945 4115 4120 4177 4191 4351 4377 4544 4688 4835 5009 5022 5024 5100 5460 5759 5811 5834 5987 6130 6147 6168 6497 6508 6529 6665 6783 6836 6848 6861 6876 6881 6886 6891 6909 6914 6925 6926 6947 6948 6958 6960 6966 6974 6987 7018 7021 7040 7051 7060 7080 7087 7104 7151 7161 7175 7197 
	}
	weather={
		period={
			between={ 0.0 30.11 }
			temperature={ 12.0 30.0 }
			no_phenomenon=0.500
			rain_light=0.250
			rain_heavy=0.100
			snow=0.000
			blizzard=0.000
			arctic_water=0.000
			mud=1.000
			sandstorm=0.000
			min_snow_level=0.000
		}
	}
}
