
strategic_region={
	id=124
	name="STRATEGICREGION_124"
	provinces={
		11 36 49 147 183 191 470 674 779 896 908 1068 1081 1090 1164 1466 1562 1569 1723 1728 2042 2186 2195 2231 2320 2520 3020 3093 3133 3158 3351 3425 3579 3639 3725 3763 3823 3870 3944 3985 4034 4105 4267 4336 4680 4804 4850 4872 4917 4953 4995 5031 5314 5323 5351 5401 5403 5443 5935 5950 5991 6026 6175 6314 6374 6389 6462 6467 6518 6530 8055 8072 8080 8081 8093 8095 8101 8108 8109 8131 8135 8146 8147 8169 8174 8178 8183 8196 8197 8205 8213 8214 8220 8227 8232 8233 8242 8267 8273 8292 8298 8303 8306 8328 8331 8338 8349 8378 8387 
	}
	weather={
		period={
			between={ 0.0 30.11 }
			temperature={ 12.0 30.0 }
			no_phenomenon=0.500
			rain_light=0.250
			rain_heavy=0.100
			snow=0.000
			blizzard=0.000
			arctic_water=0.000
			mud=1.000
			sandstorm=0.000
			min_snow_level=0.000
		}
	}
}
