
strategic_region={
	id=125
	name="STRATEGICREGION_125"
	provinces={
		3 81 104 115 329 501 530 605 794 1003 1206 1434 1867 1975 2090 2119 2285 2322 2610 2628 2663 2880 2890 2896 2990 3192 3250 3512 3583 3845 4212 4320 4408 4439 4441 4446 4454 4461 4506 4784 4901 4950 4951 5026 5188 5248 5419 5474 5496 5574 5606 5635 5637 5639 5978 5982 6134 6264 6386 6471 6517 6524 6620 7586 7686 7693 7721 7747 7748 7775 7785 7795 7825 7828 7845 7846 7858 7861 7869 7885 7889 7899 7904 7918 7934 7937 7941 7951 7958 7965 7968 7970 7988 7991 7994 8003 8022 8031 8040 8050 11488 11491 
	}
	weather={
		period={
			between={ 0.0 30.11 }
			temperature={ 12.0 30.0 }
			no_phenomenon=0.500
			rain_light=0.250
			rain_heavy=0.100
			snow=0.000
			blizzard=0.000
			arctic_water=0.000
			mud=1.000
			sandstorm=0.000
			min_snow_level=0.000
		}
	}
}
