
strategic_region={
	id=126
	name="STRATEGICREGION_126"
	provinces={
		253 293 299 330 537 556 559 587 616 693 758 803 856 869 878 941 1027 1065 1113 1131 1343 1377 1679 1737 1856 1906 2062 2078 2274 2306 2337 2360 2415 2417 2455 2477 2658 2710 2741 2906 3011 3024 3048 3189 3205 3236 3274 3359 3472 3476 3508 3658 3752 3766 3841 3878 3964 4072 4265 4435 4459 4488 4495 4575 4594 4702 4711 4717 4723 4731 4815 4868 4908 5126 5159 5428 5491 5594 5664 5790 5799 5893 5965 6028 6116 6135 6159 6177 6210 6318 6350 6391 6424 6444 6481 6534 6557 6582 6676 7037 7066 7091 7109 7121 7124 7128 7137 7149 7157 7172 7210 7211 7231 7234 7235 7240 7245 7259 7264 7270 7297 7298 7321 7322 7329 7330 7348 7364 7365 7370 7393 7398 7400 7404 7433 7437 7449 7459 7460 7476 7479 7481 7510 7532 7541 7544 7547 7552 7594 7614 7633 7634 7635 7667 7711 
	}
	weather={
		period={
			between={ 0.0 30.11 }
			temperature={ 12.0 30.0 }
			no_phenomenon=0.500
			rain_light=0.250
			rain_heavy=0.100
			snow=0.000
			blizzard=0.000
			arctic_water=0.000
			mud=1.000
			sandstorm=0.000
			min_snow_level=0.000
		}
	}
}
