
strategic_region={
	id=127
	name="STRATEGICREGION_127"
	provinces={
		22 240 266 364 483 615 663 671 828 899 915 987 1043 1144 1288 1384 1507 1535 1540 1560 1611 1697 1847 1976 2048 2087 2163 2266 2365 2449 2599 2760 2850 2874 2898 3201 3266 3271 3610 3836 3899 3981 4042 4152 4288 4393 4529 4537 4555 4756 4839 4961 5229 5283 5335 5383 5426 5518 5633 5643 5655 5837 5977 6171 6325 6421 6502 6722 6723 6727 6731 6740 6741 6742 6743 6754 6769 6772 6779 6794 6807 6808 6809 6810 6826 6828 6846 6847 6856 6864 6883 6884 6885 6890 6898 6902 6903 6906 6918 6932 6933 6936 6946 6965 6981 6985 6986 6992 7013 7017 7027 7030 7034 7046 7056 
	}
	weather={
		period={
			between={ 0.0 30.11 }
			temperature={ 12.0 30.0 }
			no_phenomenon=0.500
			rain_light=0.250
			rain_heavy=0.100
			snow=0.000
			blizzard=0.000
			arctic_water=0.000
			mud=1.000
			sandstorm=0.000
			min_snow_level=0.000
		}
	}
}
