
strategic_region={
	id=128
	name="STRATEGICREGION_128"
	provinces={
		118 221 250 346 428 634 648 680 891 1074 1078 1214 1375 1382 1684 1825 1873 1876 2510 2672 2766 2849 2856 2935 3018 3190 3300 3354 3516 3548 3765 3897 4012 4206 4216 4255 4300 4457 4829 4886 4929 5057 5119 5170 5233 5313 5590 5680 5683 5815 5833 6300 6339 6369 6528 6590 6692 6693 6694 6695 6696 6697 6698 6699 6704 6705 6707 6710 6713 6715 6716 6734 6760 6775 6778 6796 6797 6801 6806 6817 6830 6833 6851 6871 6874 6875 6880 6895 6900 6908 6931 6944 6955 6972 6973 6977 
	}
	weather={
		period={
			between={ 0.0 30.11 }
			temperature={ 12.0 30.0 }
			no_phenomenon=0.500
			rain_light=0.250
			rain_heavy=0.100
			snow=0.000
			blizzard=0.000
			arctic_water=0.000
			mud=1.000
			sandstorm=0.000
			min_snow_level=0.000
		}
	}
}
