
strategic_region={
	id=129
	name="STRATEGICREGION_129"
	provinces={
		17 235 301 308 399 450 465 518 544 660 667 715 741 750 754 815 923 1017 1019 1096 1099 1272 1311 1361 1364 1504 1550 1984 2040 2047 2103 2157 2217 2238 2361 2451 2581 2634 2759 2824 2966 2993 3058 3104 3198 3357 3370 3613 3664 3705 4076 4136 4153 4173 4344 4601 4624 4679 4703 5157 5168 5230 5305 5321 5337 5358 5469 5485 5543 5577 5698 5725 5803 5860 5927 6241 6544 6969 6976 6984 6995 7010 7029 7039 7045 7055 7079 7094 7095 7099 7107 7113 7120 7136 7140 7147 7156 7166 7171 7178 7195 7200 7220 7221 7238 7244 7252 7255 7296 7324 7336 7343 7344 7356 7369 7380 7383 
	}
	weather={
		period={
			between={ 0.0 30.11 }
			temperature={ 12.0 30.0 }
			no_phenomenon=0.500
			rain_light=0.250
			rain_heavy=0.100
			snow=0.000
			blizzard=0.000
			arctic_water=0.000
			mud=1.000
			sandstorm=0.000
			min_snow_level=0.000
		}
	}
}
