
strategic_region={
	id=13
	name="STRATEGICREGION_13"
	provinces={
		206 224 347 397 408 644 1013 1204 1244 1261 1533 1729 1735 1797 1938 2015 2118 2202 2242 2328 2334 2419 2544 2554 2572 2592 2612 2693 2794 2841 3315 3385 3649 3848 3933 3996 4016 4140 4167 4240 4328 4378 4450 4469 4531 4956 5005 5034 5292 5367 5418 5548 5674 5677 5730 5814 5899 5917 6081 6248 6584 6596 6607 6627 9970 10021 10023 10037 10038 10042 10060 10067 10071 10077 10078 10086 10087 10097 10101 10117 10120 10122 10123 10127 10130 10146 10147 10152 10153 10163 10171 10173 10175 10185 10198 10204 10206 10214 10216 10226 10260 10262 10278 
	}
	weather={
		period={
			between={ 0.0 30.11 }
			temperature={ 12.0 30.0 }
			no_phenomenon=0.500
			rain_light=0.250
			rain_heavy=0.100
			snow=0.000
			blizzard=0.000
			arctic_water=0.000
			mud=1.000
			sandstorm=0.000
			min_snow_level=0.000
		}
	}
}
