
strategic_region={
	id=130
	name="STRATEGICREGION_130"
	provinces={
		197 318 478 522 953 1387 1430 1471 1494 1556 1561 1732 1844 1871 1942 2123 2187 2309 2316 2445 2524 2616 2656 2678 2931 3163 3221 3350 3368 3384 3393 3408 3413 3462 3498 3804 3807 3811 3873 3936 4362 4466 4540 4572 4740 4763 4818 4937 5073 5098 5247 5487 5556 5582 5686 6342 6417 6434 6454 6472 6578 6675 6677 7397 7426 7440 7458 7466 7475 7488 7492 7502 7503 7545 7556 7561 7563 7564 7574 7593 7608 7613 7642 7656 7697 7698 7705 7734 7772 7780 7784 7819 7857 7886 
	}
	weather={
		period={
			between={ 0.0 30.11 }
			temperature={ 12.0 30.0 }
			no_phenomenon=0.500
			rain_light=0.250
			rain_heavy=0.100
			snow=0.000
			blizzard=0.000
			arctic_water=0.000
			mud=1.000
			sandstorm=0.000
			min_snow_level=0.000
		}
	}
}
