
strategic_region={
	id=132
	name="STRATEGICREGION_132"
	provinces={
		319 451 697 790 1077 1093 1169 1339 1417 1463 1549 1578 1614 1623 1647 1747 1888 1989 1992 2081 2249 2299 2513 2738 2888 2959 2963 2985 3033 3057 3352 3380 3400 3489 3566 3635 3794 3800 4151 4238 4340 4516 4543 4729 4778 5075 5113 5232 5286 5353 5416 5501 5572 5697 5816 5879 6022 6091 6196 6228 6295 6602 7766 7777 7794 7801 7812 7824 7827 7853 7881 7893 7898 7907 7923 7924 7933 7946 7949 7950 7953 7957 7967 7974 7978 7999 8000 8006 8009 8016 8017 8039 8048 8054 8064 8069 8074 8078 8103 8106 8149 8203 
	}
	weather={
		period={
			between={ 0.0 30.11 }
			temperature={ 12.0 30.0 }
			no_phenomenon=0.500
			rain_light=0.250
			rain_heavy=0.100
			snow=0.000
			blizzard=0.000
			arctic_water=0.000
			mud=1.000
			sandstorm=0.000
			min_snow_level=0.000
		}
	}
}
