
strategic_region={
	id=133
	name="STRATEGICREGION_133"
	provinces={
		4 29 41 95 203 403 463 840 844 921 1147 1282 1324 1442 1543 1828 1832 1845 2245 2453 2488 2503 2603 3148 3149 3181 3211 3599 3741 3769 3777 3782 3939 4031 4032 4065 4083 4241 4313 4341 4367 4558 4714 4747 4866 4877 5152 5308 5438 5734 5842 5856 6144 6156 6183 6304 6494 6638 6644 7912 7927 7928 7944 7948 8005 8013 8029 8030 8038 8077 8100 8105 8122 8123 8126 8134 8137 8152 8155 8163 8173 8199 8212 8245 8258 8277 8278 8283 8284 8285 8288 8321 8322 8327 8360 8393 
	}
	weather={
		period={
			between={ 0.0 30.11 }
			temperature={ 12.0 30.0 }
			no_phenomenon=0.500
			rain_light=0.250
			rain_heavy=0.100
			snow=0.000
			blizzard=0.000
			arctic_water=0.000
			mud=1.000
			sandstorm=0.000
			min_snow_level=0.000
		}
	}
}
