
strategic_region={
	id=134
	name="STRATEGICREGION_134"
	provinces={
		62 239 373 394 503 586 763 832 851 1056 1083 1326 1329 1369 1503 1509 1596 1940 1988 1990 2496 2515 2604 2839 3092 3278 3376 3527 3757 3771 3778 3983 4193 4364 4387 4442 4753 4935 4940 5023 5072 5163 5222 5300 5330 5421 5425 5507 5576 5699 5708 5729 5873 5882 6261 6308 6516 8290 8316 8345 8351 8373 8392 8416 8419 8421 8424 8425 8442 8446 8450 8464 8465 8472 8482 8490 8501 8508 8514 8519 8526 8527 8531 8536 8560 8565 8604 8659 8677 8703 8711 8723 8740 8787 
	}
	weather={
		period={
			between={ 0.0 30.11 }
			temperature={ 12.0 30.0 }
			no_phenomenon=0.500
			rain_light=0.250
			rain_heavy=0.100
			snow=0.000
			blizzard=0.000
			arctic_water=0.000
			mud=1.000
			sandstorm=0.000
			min_snow_level=0.000
		}
	}
}
