
strategic_region={
	id=135
	name="STRATEGICREGION_135"
	provinces={
		89 126 278 304 307 789 836 849 868 943 1058 1092 1239 1551 1607 1671 1767 1904 1909 2084 2094 2166 2192 2222 2303 2502 2508 2565 2765 2911 2925 2956 2983 3117 3188 3355 3365 3466 3562 3663 3812 3858 4044 4051 4090 4163 4174 4257 4306 4327 4338 4479 4539 4613 4741 5021 5035 5204 5316 5356 5357 5726 5727 5738 5870 5922 5993 5994 6095 6114 6133 6215 6236 6409 8244 8275 8312 8326 8354 8358 8397 8398 8481 8495 8525 8529 8543 8559 8564 8568 8584 8585 8593 8603 8620 8635 8644 8656 8672 8676 8682 8686 8687 8692 8700 8718 8732 8739 8744 8745 8746 8751 8752 8761 8766 8771 8786 8811 8832 8869 8873 8894 
	}
	weather={
		period={
			between={ 0.0 30.11 }
			temperature={ 12.0 30.0 }
			no_phenomenon=0.500
			rain_light=0.250
			rain_heavy=0.100
			snow=0.000
			blizzard=0.000
			arctic_water=0.000
			mud=1.000
			sandstorm=0.000
			min_snow_level=0.000
		}
	}
}
