
strategic_region={
	id=136
	name="STRATEGICREGION_136"
	provinces={
		79 160 225 401 492 499 611 617 767 826 900 1289 1481 1522 1552 1566 1673 1712 1746 1903 2016 2111 2133 2228 2401 2405 2467 2652 2675 2720 2740 2786 2933 3264 3405 3427 3460 3570 3703 3734 3887 3890 3935 4001 4331 4382 4471 4586 4777 4819 4884 4911 5066 5185 5191 5246 5463 5802 5952 5971 5979 6075 6078 6101 6184 6186 6533 6661 7848 7849 7867 7873 7874 7903 7906 7940 7943 7987 7990 7995 7996 8024 8027 8032 8041 8045 8063 8071 8076 8084 8086 8087 8107 8114 8115 8133 8141 8151 8172 8176 8202 
	}
	weather={
		period={
			between={ 0.0 30.11 }
			temperature={ 12.0 30.0 }
			no_phenomenon=0.500
			rain_light=0.250
			rain_heavy=0.100
			snow=0.000
			blizzard=0.000
			arctic_water=0.000
			mud=1.000
			sandstorm=0.000
			min_snow_level=0.000
		}
	}
}
