
strategic_region={
	id=137
	name="STRATEGICREGION_137"
	provinces={
		9 56 234 333 578 598 633 651 714 768 882 938 1036 1111 1240 1349 1477 1689 1793 1806 1943 1973 2101 2225 2333 2348 2412 2474 2495 2518 2533 2537 2552 2579 2863 2962 3002 3039 3049 3078 3122 3127 3129 3297 3314 3318 3545 3661 3678 3700 3796 3831 3980 4060 4104 4107 4260 4349 4620 4693 4782 4939 5044 5081 5117 5184 5210 5216 5289 5343 5410 5464 5534 5610 5626 5654 5681 5962 6018 6128 6161 6194 6302 6360 6395 6426 6588 6689 7170 7191 7219 7227 7251 7263 7268 7280 7283 7295 7313 7399 7414 7424 7425 7436 7457 7491 7501 7509 7527 7531 7538 7539 7540 7543 7562 7570 7584 7612 7623 7626 7627 7630 7654 7655 7660 7661 7662 7683 7696 7701 7704 7715 7728 7738 7745 7752 7771 7809 7823 7875 
	}
	weather={
		period={
			between={ 0.0 30.11 }
			temperature={ 12.0 30.0 }
			no_phenomenon=0.500
			rain_light=0.250
			rain_heavy=0.100
			snow=0.000
			blizzard=0.000
			arctic_water=0.000
			mud=1.000
			sandstorm=0.000
			min_snow_level=0.000
		}
	}
}
