
strategic_region={
	id=138
	name="STRATEGICREGION_138"
	provinces={
		31 58 185 387 602 769 1291 1335 1475 1654 1774 1863 1884 1890 1970 2171 2277 2313 2344 2435 2504 2536 2747 2802 2912 2913 2996 3208 3230 3280 3345 3363 3581 3709 3879 3910 3940 3986 4179 4248 4272 4274 4324 4354 4400 4504 4685 4736 4820 4875 4879 4999 5348 5520 5773 6117 6246 6309 6416 6482 6540 6721 6739 6752 6771 6782 6793 6803 6815 6829 6855 6863 6868 6879 6897 6915 6922 6937 6943 6945 7004 7028 7043 7044 7054 7065 7069 7071 7098 7103 7119 7127 7132 
	}
	weather={
		period={
			between={ 0.0 30.11 }
			temperature={ 12.0 30.0 }
			no_phenomenon=0.500
			rain_light=0.250
			rain_heavy=0.100
			snow=0.000
			blizzard=0.000
			arctic_water=0.000
			mud=1.000
			sandstorm=0.000
			min_snow_level=0.000
		}
	}
}
