
strategic_region={
	id=139
	name="STRATEGICREGION_139"
	provinces={
		10 107 201 285 456 854 1022 1280 1427 1524 1526 1545 1546 1574 1579 1699 1854 1926 2039 2154 2540 2689 2808 2944 2960 3042 3252 3414 3589 3595 3598 3677 3720 3748 3791 3813 3865 4008 4124 4131 4664 4810 4869 4949 4984 5094 5201 5513 5779 5845 6176 6203 6299 6345 6359 6362 6408 6486 7368 7385 7408 7421 7423 7442 7448 7473 7474 7478 7490 7512 7537 7573 7579 7580 7583 7607 7611 7622 7632 7641 7647 7648 7666 7689 7690 7699 7707 7727 7744 7762 7779 7783 7803 7815 7822 7864 7880 7888 
	}
	weather={
		period={
			between={ 0.0 30.11 }
			temperature={ 12.0 30.0 }
			no_phenomenon=0.500
			rain_light=0.250
			rain_heavy=0.100
			snow=0.000
			blizzard=0.000
			arctic_water=0.000
			mud=1.000
			sandstorm=0.000
			min_snow_level=0.000
		}
	}
}
