
strategic_region={
	id=14
	name="STRATEGICREGION_14"
	provinces={
		14 47 82 244 504 612 657 658 698 813 883 1152 1366 1460 1489 1497 1612 1736 1808 1830 1947 2095 2115 2138 2226 2398 2441 2443 2482 2529 2657 2664 2727 2744 2951 3097 3443 3565 3577 3746 3790 3822 3966 3995 4102 4261 4286 4329 4443 4677 4694 4843 4913 4922 5006 5030 5190 5515 5658 5818 5832 5883 5916 5931 5940 6191 6231 6427 6447 6522 6587 6634 6662 6686 10008 10010 10019 10025 10031 10032 10033 10034 10051 10057 10058 10066 10068 10075 10081 10083 10085 10089 10092 10106 10109 10112 10114 10116 10129 10136 10139 10149 10158 10166 10172 10177 10195 10197 10199 10208 10217 10220 10221 10237 10238 10250 10259 10264 
	}
	weather={
		period={
			between={ 0.0 30.11 }
			temperature={ 12.0 30.0 }
			no_phenomenon=0.500
			rain_light=0.250
			rain_heavy=0.100
			snow=0.000
			blizzard=0.000
			arctic_water=0.000
			mud=1.000
			sandstorm=0.000
			min_snow_level=0.000
		}
	}
}
