
strategic_region={
	id=140
	name="STRATEGICREGION_140"
	provinces={
		50 92 94 140 171 423 480 548 596 709 740 756 981 1053 1128 1212 1650 1659 1667 1690 1698 1727 1738 1877 2030 2057 2082 2219 2237 2335 2507 2514 2538 2564 2582 2797 2870 3017 3061 3101 3559 3600 3604 3611 3647 3735 3843 3874 4048 4347 4352 4752 4891 5002 5008 5020 5130 5158 5199 5333 5399 5445 5492 5616 5752 5777 5780 5881 5896 5928 5943 6059 6065 6187 6257 6266 6272 6320 6429 6468 6470 8679 8709 8716 8749 8753 8764 8776 8809 8833 8845 8866 8867 8878 8883 8913 8915 8941 8943 8944 8955 8964 8969 8970 8986 8998 9003 9006 9011 9034 9037 9063 9076 9082 9094 9110 9115 9117 9124 9147 9150 9153 9167 9178 9184 9194 9202 9215 9228 9230 9236 9239 9245 
	}
	weather={
		period={
			between={ 0.0 30.11 }
			temperature={ 12.0 30.0 }
			no_phenomenon=0.500
			rain_light=0.250
			rain_heavy=0.100
			snow=0.000
			blizzard=0.000
			arctic_water=0.000
			mud=1.000
			sandstorm=0.000
			min_snow_level=0.000
		}
	}
}
