
strategic_region={
	id=141
	name="STRATEGICREGION_141"
	provinces={
		163 189 233 727 781 855 890 1037 1134 1145 1217 1256 1700 1994 2180 2194 2239 2275 2539 2636 2699 3023 3083 3241 3396 3591 3837 3852 3857 4027 4063 4135 4373 4385 4845 4896 4997 5053 5205 5282 5376 5502 5508 5560 5700 6152 6296 6324 6473 6560 8098 8099 8136 8144 8170 8230 8315 8396 8439 8462 8499 8504 8528 8548 8572 8581 8596 8601 8610 8624 8628 8633 8642 8717 
	}
	weather={
		period={
			between={ 0.0 30.11 }
			temperature={ 12.0 30.0 }
			no_phenomenon=0.500
			rain_light=0.250
			rain_heavy=0.100
			snow=0.000
			blizzard=0.000
			arctic_water=0.000
			mud=1.000
			sandstorm=0.000
			min_snow_level=0.000
		}
	}
}
