
strategic_region={
	id=142
	name="STRATEGICREGION_142"
	provinces={
		260 289 370 472 557 599 728 857 933 1038 1232 1604 1653 1758 1801 2035 2079 2129 2168 2201 2317 2358 2440 2523 2670 2692 2836 2840 2917 2932 3157 3267 3395 3464 3605 3934 3994 4029 4037 4055 4196 4330 4353 4770 4902 5108 5208 5238 5332 5372 5386 5452 5479 5551 5649 5822 5848 6277 6478 6480 6490 6604 6647 6649 6671 8224 8225 8240 8257 8272 8295 8300 8309 8325 8336 8341 8352 8366 8369 8370 8371 8376 8384 8388 8405 8407 8414 8440 8441 8444 8449 8455 8456 8500 8507 8512 8535 8540 8552 8556 8618 8684 8685 8699 8705 
	}
	weather={
		period={
			between={ 0.0 30.11 }
			temperature={ 12.0 30.0 }
			no_phenomenon=0.500
			rain_light=0.250
			rain_heavy=0.100
			snow=0.000
			blizzard=0.000
			arctic_water=0.000
			mud=1.000
			sandstorm=0.000
			min_snow_level=0.000
		}
	}
}
