
strategic_region={
	id=143
	name="STRATEGICREGION_143"
	provinces={
		131 164 251 384 427 568 996 1085 1759 1810 1874 1875 2052 2054 2355 2408 2676 2683 2745 2900 2901 3072 3086 3387 3397 3732 3772 3775 3817 3871 4009 4070 4230 4232 4263 4278 4526 4687 4708 4758 4799 4890 5055 5090 5365 5387 5634 5709 5723 5925 5967 6047 6088 6100 6263 6298 6463 6469 6543 8625 8655 8721 8731 8770 8777 8805 8810 8829 8838 8846 8884 8901 8908 8916 8945 8957 8987 8999 9030 9035 9039 9046 9058 9068 9077 9111 9144 9151 9163 9182 9207 9220 9266 9278 
	}
	weather={
		period={
			between={ 0.0 30.11 }
			temperature={ 12.0 30.0 }
			no_phenomenon=0.500
			rain_light=0.250
			rain_heavy=0.100
			snow=0.000
			blizzard=0.000
			arctic_water=0.000
			mud=1.000
			sandstorm=0.000
			min_snow_level=0.000
		}
	}
}
