
strategic_region={
	id=144
	name="STRATEGICREGION_144"
	provinces={
		15 277 353 377 440 506 686 765 959 1319 1440 1451 1454 1571 1590 1635 1813 1961 1999 2006 2156 2162 2196 2241 2576 2641 2660 2716 2867 2877 2940 3071 3152 3237 3612 3896 3948 4080 4282 4337 4444 4734 4834 4912 4943 4946 5036 5104 5182 5288 5345 5392 5415 5749 5766 5771 5886 5954 6066 6189 6214 6431 6520 6594 6637 8710 8743 8750 8756 8765 8772 8784 8785 8800 8806 8814 8816 8830 8831 8834 8839 8862 8863 8868 8879 8889 8898 8926 8930 8932 8940 8942 8961 8971 8978 9004 9009 9015 9016 9019 9040 9053 9069 9078 9084 9088 9113 9145 
	}
	weather={
		period={
			between={ 0.0 30.11 }
			temperature={ 12.0 30.0 }
			no_phenomenon=0.500
			rain_light=0.250
			rain_heavy=0.100
			snow=0.000
			blizzard=0.000
			arctic_water=0.000
			mud=1.000
			sandstorm=0.000
			min_snow_level=0.000
		}
	}
}
