
strategic_region={
	id=145
	name="STRATEGICREGION_145"
	provinces={
		44 57 218 220 352 410 458 558 722 725 885 966 1165 1192 1216 1395 1441 1502 1510 1516 1600 1693 1788 1878 1967 2460 2462 2694 2729 2801 2938 2952 2989 3013 3016 3059 3094 3336 3452 3708 3718 3893 3916 3963 4074 4103 4187 4291 4321 4477 4669 4705 4805 4852 4876 4936 4979 4993 5019 5071 5144 5155 5196 5720 5782 5902 6014 6049 6363 6422 6446 6495 6555 8190 8226 8296 8318 8344 8365 8385 8391 8415 8433 8463 8476 8513 8541 8544 8567 8573 8582 8583 8586 8607 8614 8626 8630 8643 8649 8653 8665 8667 8681 8722 8754 8757 8760 8778 8781 8801 8802 8828 8842 8858 8864 8899 8904 8937 8946 
	}
	weather={
		period={
			between={ 0.0 30.11 }
			temperature={ 12.0 30.0 }
			no_phenomenon=0.500
			rain_light=0.250
			rain_heavy=0.100
			snow=0.000
			blizzard=0.000
			arctic_water=0.000
			mud=1.000
			sandstorm=0.000
			min_snow_level=0.000
		}
	}
}
