
strategic_region={
	id=146
	name="STRATEGICREGION_146"
	provinces={
		151 290 437 563 631 834 838 946 1064 1154 1473 2005 2280 2283 2386 2428 2439 2687 2986 3010 3286 3391 3618 3773 3869 3930 4236 4465 4485 4551 4596 4629 4658 4921 5174 5509 5760 5891 5964 5986 6001 6032 6056 6366 6461 6493 6499 6643 8287 8320 8323 8337 8353 8364 8367 8372 8390 8400 8408 8411 8412 8418 8437 8457 8458 8485 8489 8494 8518 8530 8554 8563 8566 8591 8602 8606 8617 8619 8629 8631 8648 8658 8666 8671 8680 8696 
	}
	weather={
		period={
			between={ 0.0 30.11 }
			temperature={ 12.0 30.0 }
			no_phenomenon=0.500
			rain_light=0.250
			rain_heavy=0.100
			snow=0.000
			blizzard=0.000
			arctic_water=0.000
			mud=1.000
			sandstorm=0.000
			min_snow_level=0.000
		}
	}
}
