
strategic_region={
	id=148
	name="STRATEGICREGION_148"
	provinces={
		93 395 411 603 655 963 1480 1575 1734 2097 2230 2363 2369 2397 2893 3216 3226 3519 3544 3973 4289 4361 4458 4604 4748 5120 5167 5483 5494 5579 5602 5778 5872 5915 6077 6397 6433 6491 6553 6577 7008 7011 7019 7048 7076 7106 7122 7130 7158 7162 7167 7188 7203 7208 7230 7239 7261 7267 7286 7320 7334 
	}
	weather={
		period={
			between={ 0.0 30.11 }
			temperature={ 12.0 30.0 }
			no_phenomenon=0.500
			rain_light=0.250
			rain_heavy=0.100
			snow=0.000
			blizzard=0.000
			arctic_water=0.000
			mud=1.000
			sandstorm=0.000
			min_snow_level=0.000
		}
	}
}
