
strategic_region={
	id=149
	name="STRATEGICREGION_149"
	provinces={
		273 592 685 701 736 748 1045 1302 1411 1795 1978 2105 2389 2665 2828 2860 2879 2968 2969 3119 3410 3430 3435 3478 3564 3643 3962 4036 4053 4418 4790 4832 4916 4968 5059 5213 5307 5417 5456 5465 5755 5908 5961 6063 6113 6181 6193 6514 7236 7249 7262 7278 7301 7325 7333 7346 7347 7354 7379 7388 7410 7420 7428 7434 7456 7511 7524 7526 7528 7559 7568 7600 7610 7625 7645 7649 7680 7741 7743 7787 7788 7791 7810 7821 7836 
	}
	weather={
		period={
			between={ 0.0 30.11 }
			temperature={ 12.0 30.0 }
			no_phenomenon=0.500
			rain_light=0.250
			rain_heavy=0.100
			snow=0.000
			blizzard=0.000
			arctic_water=0.000
			mud=1.000
			sandstorm=0.000
			min_snow_level=0.000
		}
	}
}
