
strategic_region={
	id=15
	name="STRATEGICREGION_15"
	provinces={
		242 300 375 419 560 637 730 738 1008 1044 1168 1351 1392 1444 1465 1760 1773 1872 1899 1979 2125 2140 2257 2270 2688 2830 3423 3479 3623 3742 3855 3972 4047 4244 4259 4388 4402 4508 4700 4904 4960 5177 5302 5325 5391 5450 5486 5559 5663 5768 5783 5791 5936 5951 5989 6041 6087 6141 6200 6238 6400 6572 10180 10184 10193 10207 10212 10213 10225 10227 10230 10246 10249 10256 10263 10271 10291 10295 10301 10302 10316 10330 10339 10344 10350 10369 10373 10376 10379 10387 10388 10390 10391 10412 10415 10419 
	}
	weather={
		period={
			between={ 0.0 30.11 }
			temperature={ 12.0 30.0 }
			no_phenomenon=0.500
			rain_light=0.250
			rain_heavy=0.100
			snow=0.000
			blizzard=0.000
			arctic_water=0.000
			mud=1.000
			sandstorm=0.000
			min_snow_level=0.000
		}
	}
}
