
strategic_region={
	id=150
	name="STRATEGICREGION_150"
	provinces={
		98 276 710 719 720 823 932 964 1050 1095 1323 1568 1753 1826 1917 2155 2252 2264 2288 2297 2423 2522 2649 2704 2707 2770 2810 2835 2949 2957 3036 3172 3239 3451 3523 3621 3733 3738 3805 3895 3923 3951 4069 4143 4269 4467 4672 4739 4792 4795 4883 5004 5148 5202 5256 5349 5360 5447 5458 5527 5549 5573 5628 5739 5844 5947 6062 6242 6328 6749 6756 6780 6795 6816 6831 6845 6858 6872 6896 6912 6913 6917 6929 6940 6959 6968 6979 6993 6999 7006 7024 7036 7049 7058 7073 7085 7115 7118 7123 7153 7154 7193 7199 7218 
	}
	weather={
		period={
			between={ 0.0 30.11 }
			temperature={ 12.0 30.0 }
			no_phenomenon=0.500
			rain_light=0.250
			rain_heavy=0.100
			snow=0.000
			blizzard=0.000
			arctic_water=0.000
			mud=1.000
			sandstorm=0.000
			min_snow_level=0.000
		}
	}
}
