
strategic_region={
	id=151
	name="STRATEGICREGION_151"
	provinces={
		105 136 365 388 462 533 662 791 872 1076 1117 1124 1237 1312 1389 1513 1547 1558 1576 1632 1703 1866 1925 1958 2113 2158 2161 2200 2282 2469 2648 2718 2719 2757 2816 2982 3051 3053 3164 3232 3402 3513 3650 3840 4049 4220 4309 4394 4722 4933 5089 5099 5141 5390 5409 5427 5669 5737 5945 6013 6092 6123 6354 6381 6526 6541 6687 6700 6701 6702 6703 6706 6709 6711 6712 6714 6717 6724 6726 6728 6745 6747 6762 6763 6764 6766 6768 6787 6813 6824 6825 6832 6842 6843 6854 6859 6862 6870 6894 6923 6935 6942 6952 6953 6990 6991 6994 7002 7003 7025 7038 7064 7089 7189 
	}
	weather={
		period={
			between={ 0.0 30.11 }
			temperature={ 12.0 30.0 }
			no_phenomenon=0.500
			rain_light=0.250
			rain_heavy=0.100
			snow=0.000
			blizzard=0.000
			arctic_water=0.000
			mud=1.000
			sandstorm=0.000
			min_snow_level=0.000
		}
	}
}
