
strategic_region={
	id=152
	name="STRATEGICREGION_152"
	provinces={
		32 51 123 135 169 228 252 288 378 498 585 775 800 992 1010 1209 1263 2191 2250 2618 2655 2717 2728 2756 2833 2851 3085 3136 3137 3588 3628 3909 3979 4154 4299 4415 4589 4640 4647 4954 5258 5350 5364 5423 5609 5657 5695 5813 5827 5835 6406 7092 7164 7168 7174 7177 7181 7209 7212 7237 7247 7257 7274 7287 7288 7302 7310 7311 7316 7340 7357 7359 7362 7373 7395 7396 7405 7411 7429 7430 7431 7435 7446 7462 7487 7495 7520 7549 7581 7596 
	}
	weather={
		period={
			between={ 0.0 30.11 }
			temperature={ 12.0 30.0 }
			no_phenomenon=0.500
			rain_light=0.250
			rain_heavy=0.100
			snow=0.000
			blizzard=0.000
			arctic_water=0.000
			mud=1.000
			sandstorm=0.000
			min_snow_level=0.000
		}
	}
}
