
strategic_region={
	id=153
	name="STRATEGICREGION_153"
	provinces={
		61 227 337 421 516 545 589 664 776 852 861 935 949 976 1103 1163 1176 1248 1378 1432 1821 1864 2089 2352 2530 2714 2845 2882 3106 3244 3258 3265 3420 3465 3531 3684 3877 3947 3961 4067 4085 4176 4597 4609 4934 4983 5068 5084 5169 5303 5434 5613 5666 5719 5762 5861 5944 6024 6071 6315 6368 6383 6388 6450 6515 6718 6719 6730 6738 6757 6776 6798 6814 6821 6904 6924 6927 6964 6975 6998 7050 7053 7078 7116 7131 7146 7215 7224 
	}
	weather={
		period={
			between={ 0.0 30.11 }
			temperature={ 12.0 30.0 }
			no_phenomenon=0.500
			rain_light=0.250
			rain_heavy=0.100
			snow=0.000
			blizzard=0.000
			arctic_water=0.000
			mud=1.000
			sandstorm=0.000
			min_snow_level=0.000
		}
	}
}
