
strategic_region={
	id=154
	name="STRATEGICREGION_154"
	provinces={
		25 43 153 231 317 331 453 513 619 702 742 1116 1171 1426 1628 1633 1636 1725 1772 1775 2051 2058 2088 2121 2305 2312 2464 2497 2512 2545 2557 2817 2829 2950 3007 3138 3231 3394 3680 3690 3787 3976 4374 4490 4505 4527 4546 4681 4683 4750 4910 5266 5299 5326 5525 5554 5555 5624 5625 5959 6140 6197 6276 6284 6487 6659 6668 6708 6720 6725 6729 6733 6735 6746 6748 6750 6751 6758 6774 6777 6781 6788 6789 6791 6799 6802 6804 6822 6834 6835 6844 6867 6873 6889 6905 6930 6954 6956 6957 6980 7009 
	}
	weather={
		period={
			between={ 0.0 30.11 }
			temperature={ 12.0 30.0 }
			no_phenomenon=0.500
			rain_light=0.250
			rain_heavy=0.100
			snow=0.000
			blizzard=0.000
			arctic_water=0.000
			mud=1.000
			sandstorm=0.000
			min_snow_level=0.000
		}
	}
}
