
strategic_region={
	id=155
	name="STRATEGICREGION_155"
	provinces={
		161 393 466 774 911 950 1089 1180 1213 1341 1469 1511 1624 1688 1721 2142 2338 2452 2461 2804 3235 3378 3509 3630 3640 3655 3681 4054 4144 4164 4251 4550 4577 4610 4619 4928 5067 5143 5439 5514 5532 5673 5744 5751 5846 5942 6053 6162 6367 6564 6613 8044 8049 8052 8053 8068 8073 8083 8092 8102 8125 8128 8130 8145 8150 8159 8162 8171 8181 8188 8189 8207 8211 8217 8218 8241 8249 8250 8251 8262 8265 8269 8281 8282 8301 8310 8311 8329 
	}
	weather={
		period={
			between={ 0.0 30.11 }
			temperature={ 12.0 30.0 }
			no_phenomenon=0.500
			rain_light=0.250
			rain_heavy=0.100
			snow=0.000
			blizzard=0.000
			arctic_water=0.000
			mud=1.000
			sandstorm=0.000
			min_snow_level=0.000
		}
	}
}
