
strategic_region={
	id=156
	name="STRATEGICREGION_156"
	provinces={
		24 37 139 190 581 614 623 712 731 785 928 985 1088 1130 1226 1258 1330 1474 1588 1766 1777 1885 2091 2135 2178 2203 2318 2651 2785 2800 2883 2970 3060 3343 3361 3372 3383 3572 3692 3756 3759 3959 4162 4175 4199 4421 5114 5127 5468 5499 5526 5694 5718 5850 5865 6093 6106 6111 6119 6143 6249 6256 6412 6466 6512 6535 7714 7731 7736 7737 7751 7761 7765 7769 7770 7774 7792 7793 7800 7808 7814 7831 7843 7844 7852 7856 7871 7879 7883 7891 7892 7902 7911 7915 7917 7932 7945 7962 7964 7966 7973 7983 7993 7998 8008 8020 8021 8028 8047 
	}
	weather={
		period={
			between={ 0.0 30.11 }
			temperature={ 12.0 30.0 }
			no_phenomenon=0.500
			rain_light=0.250
			rain_heavy=0.100
			snow=0.000
			blizzard=0.000
			arctic_water=0.000
			mud=1.000
			sandstorm=0.000
			min_snow_level=0.000
		}
	}
}
