
strategic_region={
	id=157
	name="STRATEGICREGION_157"
	provinces={
		53 262 297 322 349 484 510 562 705 903 991 1075 1243 1316 1394 1506 1572 1585 1709 1716 1750 2034 2431 2505 2731 2767 2769 2887 2914 2998 3102 3120 3310 3321 3442 3457 3580 3601 3646 3657 3719 3749 4109 4183 4210 4335 4339 4380 4392 4627 4633 4967 5045 5322 5363 5529 5588 5591 5693 5806 5918 5970 6054 6097 6102 6274 6281 6292 6334 6373 6479 6527 6550 6574 6683 6983 7012 7016 7020 7026 7059 7062 7072 7081 7086 7090 7097 7101 7117 7126 7148 7150 7155 7159 7160 7169 7183 7194 7205 7226 7233 7243 7258 7272 7293 7294 7305 7312 7327 7335 7386 
	}
	weather={
		period={
			between={ 0.0 30.11 }
			temperature={ 12.0 30.0 }
			no_phenomenon=0.500
			rain_light=0.250
			rain_heavy=0.100
			snow=0.000
			blizzard=0.000
			arctic_water=0.000
			mud=1.000
			sandstorm=0.000
			min_snow_level=0.000
		}
	}
}
