
strategic_region={
	id=158
	name="STRATEGICREGION_158"
	provinces={
		101 198 223 676 805 806 895 906 1012 1024 1135 1183 1215 1220 1259 1320 1424 1537 1619 1837 1892 1949 1998 2122 2160 2382 2593 2891 3126 3146 3636 3863 3905 3977 4013 4146 4159 4284 4462 4634 4737 4746 4893 4947 5272 5437 5528 5618 5632 5640 5772 5836 5948 5969 6039 6198 6245 6365 6600 6603 7165 7182 7204 7225 7254 7279 7285 7291 7317 7318 7326 7350 7355 7360 7363 7375 7391 7406 7407 7447 7463 7471 7496 7497 7498 7508 7517 7521 7529 7530 7535 7536 7555 7560 7572 7582 7589 7592 7617 7628 7629 7657 7682 7692 7709 7710 
	}
	weather={
		period={
			between={ 0.0 30.11 }
			temperature={ 12.0 30.0 }
			no_phenomenon=0.500
			rain_light=0.250
			rain_heavy=0.100
			snow=0.000
			blizzard=0.000
			arctic_water=0.000
			mud=1.000
			sandstorm=0.000
			min_snow_level=0.000
		}
	}
}
