
strategic_region={
	id=16
	name="STRATEGICREGION_16"
	provinces={
		298 374 583 679 699 814 817 898 971 1266 1433 1625 1660 1704 2205 2220 2351 2403 2478 2646 2706 3291 3356 3358 3744 3824 4434 4484 4719 4791 5133 5195 5287 5517 5659 5679 6129 6155 6457 6571 10400 10430 10436 10437 10440 10443 10451 10452 10455 10463 10465 10471 10472 10476 10480 10486 10490 10501 10510 10513 10515 10517 10523 10535 10536 10540 10542 10545 10553 10563 10565 10570 10588 10592 
	}
	weather={
		period={
			between={ 0.0 30.11 }
			temperature={ 12.0 30.0 }
			no_phenomenon=0.500
			rain_light=0.250
			rain_heavy=0.100
			snow=0.000
			blizzard=0.000
			arctic_water=0.000
			mud=1.000
			sandstorm=0.000
			min_snow_level=0.000
		}
	}
}
