
strategic_region={
	id=160
	name="STRATEGICREGION_160"
	provinces={
		66 207 230 597 696 1106 1610 1696 1921 2284 2494 2587 2715 2884 2975 3511 3644 3872 3888 3955 4097 4119 4197 4273 4622 4948 4963 4970 5265 5646 5735 5874 6076 6204 6333 6435 6642 8121 8153 8177 8182 8231 8254 8266 8286 8297 8313 8317 8330 8347 8355 8377 8382 8417 8422 8423 8466 8469 8477 8491 8502 8517 8549 8589 11489 11497 
	}
	weather={
		period={
			between={ 0.0 30.11 }
			temperature={ 12.0 30.0 }
			no_phenomenon=0.500
			rain_light=0.250
			rain_heavy=0.100
			snow=0.000
			blizzard=0.000
			arctic_water=0.000
			mud=1.000
			sandstorm=0.000
			min_snow_level=0.000
		}
	}
}
