
strategic_region={
	id=17
	name="STRATEGICREGION_17"
	provinces={
		19 187 226 313 314 482 639 665 968 1138 1345 1443 1761 1780 2136 2560 2853 3006 3074 3268 3626 3651 3717 3747 3886 3904 4023 4106 4168 4217 4333 4501 5540 5702 5770 6019 6120 6313 6441 6456 6601 10210 10232 10234 10244 10296 10305 10310 10318 10327 10352 10356 10367 10372 10375 10385 10393 10397 10411 10422 10424 10435 10442 10445 10454 10461 10475 10485 10489 10497 10507 
	}
	weather={
		period={
			between={ 0.0 30.11 }
			temperature={ 12.0 30.0 }
			no_phenomenon=0.500
			rain_light=0.250
			rain_heavy=0.100
			snow=0.000
			blizzard=0.000
			arctic_water=0.000
			mud=1.000
			sandstorm=0.000
			min_snow_level=0.000
		}
	}
}
