
strategic_region={
	id=18
	name="STRATEGICREGION_18"
	provinces={
		99 222 296 383 413 582 751 865 939 947 984 1023 1028 1199 1308 1459 1478 1627 1661 1717 1812 1911 1918 1968 2025 2402 2444 2779 2781 2783 2799 2814 3132 3191 3204 3277 3338 3484 3522 3538 3590 3710 3767 3889 4017 4141 4290 4304 4432 4437 4662 5095 5105 5320 5370 5519 5598 5605 5614 5728 6029 6069 6136 6185 6387 6452 6606 6650 10088 10111 10135 10141 10142 10155 10182 10183 10219 10222 10224 10236 10240 10242 10248 10253 10255 10261 10270 10273 10275 10282 10285 10286 10300 10319 10332 10341 10358 10368 10378 10381 10386 
	}
	weather={
		period={
			between={ 0.0 30.11 }
			temperature={ 12.0 30.0 }
			no_phenomenon=0.500
			rain_light=0.250
			rain_heavy=0.100
			snow=0.000
			blizzard=0.000
			arctic_water=0.000
			mud=1.000
			sandstorm=0.000
			min_snow_level=0.000
		}
	}
}
