
strategic_region={
	id=19
	name="STRATEGICREGION_19"
	provinces={
		67 650 653 825 867 1069 1162 1309 1401 1421 1425 1479 1839 2061 2273 2506 2509 2624 2662 2815 2861 2871 3045 3249 3294 3390 3500 3549 4087 4149 4219 4545 4759 4787 4860 4969 5058 5198 5227 5923 6042 6268 6592 9967 9991 10003 10027 10028 10047 10054 10069 10102 10110 10115 10151 10154 10178 10186 
	}
	weather={
		period={
			between={ 0.0 30.11 }
			temperature={ 12.0 30.0 }
			no_phenomenon=0.500
			rain_light=0.250
			rain_heavy=0.100
			snow=0.000
			blizzard=0.000
			arctic_water=0.000
			mud=1.000
			sandstorm=0.000
			min_snow_level=0.000
		}
	}
}
