
strategic_region={
	id=2
	name="STRATEGICREGION_2"
	provinces={
		409 916 955 994 1011 1360 1886 1910 2172 2199 2259 2377 2586 2773 2897 3029 3134 3179 3187 3418 4057 4092 4181 4562 5010 5063 5115 5253 5385 5393 5444 5459 5568 5636 5665 5973 6327 6393 6567 6667 10661 10668 10670 10673 10676 10682 10683 10685 10687 10688 10689 10691 10692 10693 10694 10696 10698 10700 10701 10702 10705 10706 
	}
	weather={
		period={
			between={ 0.0 30.11 }
			temperature={ 12.0 30.0 }
			no_phenomenon=0.500
			rain_light=0.250
			rain_heavy=0.100
			snow=0.000
			blizzard=0.000
			arctic_water=0.000
			mud=1.000
			sandstorm=0.000
			min_snow_level=0.000
		}
	}
}
