
strategic_region={
	id=20
	name="STRATEGICREGION_20"
	provinces={
		12 156 204 335 343 441 618 745 951 1000 1110 1202 1278 1300 1305 1435 1470 1710 1754 1768 1771 1843 1848 1891 1905 1915 2021 2066 2093 2164 2233 2292 2591 2746 2777 2788 2894 2943 3213 3257 3360 3459 3491 3515 3585 3847 3849 3967 3997 4045 4158 4188 4222 4275 4287 4307 4311 4553 4635 4710 4774 4828 4905 5156 5263 5311 5341 5342 5366 5395 5455 5497 5595 5597 5608 5638 5651 5662 5670 5733 5763 5849 5920 6070 6220 6270 6655 9972 9976 9982 9984 9994 9996 9997 9998 10000 10001 10004 10006 10012 10013 10018 10024 10029 10030 10036 10041 10044 10049 10055 10056 10063 10070 10074 10080 10082 10099 10100 10103 10107 10108 10113 10125 10126 10131 10133 10134 10137 10138 10143 10156 10160 10161 10162 10164 10165 10170 10176 10181 10192 10196 10201 10223 
	}
	weather={
		period={
			between={ 0.0 30.11 }
			temperature={ 12.0 30.0 }
			no_phenomenon=0.500
			rain_light=0.250
			rain_heavy=0.100
			snow=0.000
			blizzard=0.000
			arctic_water=0.000
			mud=1.000
			sandstorm=0.000
			min_snow_level=0.000
		}
	}
}
