
strategic_region={
	id=21
	name="STRATEGICREGION_21"
	provinces={
		5 16 96 342 376 519 540 683 703 846 871 886 904 1091 1151 1274 1301 1353 1630 1668 1719 1781 1784 1805 1860 1960 2020 2177 2267 2278 2406 2429 2430 2700 2792 2811 2819 2827 2858 2924 3028 3030 3047 3116 3202 3279 3331 3353 3375 3439 3487 3556 3638 3799 3902 3920 4088 4156 4161 4178 4223 4348 4404 4410 4455 4489 4519 4538 4579 4757 4776 4858 4924 4955 5338 5544 5567 5580 5984 6020 6229 6239 6280 6622 6636 6640 6679 9663 9666 9669 9688 9723 9731 9750 9751 9765 9770 9772 9777 9779 9793 9799 9803 9811 9822 9824 9825 9829 9831 9834 9839 9851 9859 9873 9883 9886 9889 9894 9903 9908 9916 9918 9920 9928 9930 9933 9941 9942 9943 9945 9961 9963 9977 9986 9992 9999 10005 10020 
	}
	weather={
		period={
			between={ 0.0 30.11 }
			temperature={ 12.0 30.0 }
			no_phenomenon=0.500
			rain_light=0.250
			rain_heavy=0.100
			snow=0.000
			blizzard=0.000
			arctic_water=0.000
			mud=1.000
			sandstorm=0.000
			min_snow_level=0.000
		}
	}
}
