
strategic_region={
	id=22
	name="STRATEGICREGION_22"
	provinces={
		323 452 468 495 508 729 846 847 904 1067 1091 1151 1346 1353 1429 1527 1781 1805 1859 1924 2215 2265 2278 2339 2430 2448 2637 2650 2653 2695 2844 3517 4088 4359 4489 4566 4582 5192 5296 5593 5793 6020 6172 6237 6239 6492 6519 6538 6691 9321 9333 9347 9377 9380 9405 9409 9433 9444 9463 9471 9486 9495 9496 9497 9506 9539 9571 9580 9587 9600 9610 9619 9663 9666 9669 9688 
	}
	weather={
		period={
			between={ 0.0 30.11 }
			temperature={ 12.0 30.0 }
			no_phenomenon=0.500
			rain_light=0.250
			rain_heavy=0.100
			snow=0.000
			blizzard=0.000
			arctic_water=0.000
			mud=1.000
			sandstorm=0.000
			min_snow_level=0.000
		}
	}
}
