
strategic_region={
	id=23
	name="STRATEGICREGION_23"
	provinces={
		144 149 357 425 433 519 534 554 762 811 914 929 1029 1186 1287 1298 1334 1484 1554 1626 1649 1683 2126 2450 2555 2905 2919 2947 3015 3098 3151 3169 3520 3829 3830 4145 4215 4375 4583 4618 4701 4744 4781 5015 5049 5183 5279 5717 6010 6033 6160 6322 6507 6563 6599 9634 9635 9660 9696 9704 9705 9724 9741 9742 9746 9753 9782 9820 9835 9840 9844 9857 9858 9865 9874 9878 9899 9904 9909 9915 9923 9949 9950 9955 9973 
	}
	weather={
		period={
			between={ 0.0 30.11 }
			temperature={ 12.0 30.0 }
			no_phenomenon=0.500
			rain_light=0.250
			rain_heavy=0.100
			snow=0.000
			blizzard=0.000
			arctic_water=0.000
			mud=1.000
			sandstorm=0.000
			min_snow_level=0.000
		}
	}
}
