
strategic_region={
	id=24
	name="STRATEGICREGION_24"
	provinces={
		72 188 439 475 780 788 974 1084 1094 1187 1195 1245 1275 1347 1373 1445 1529 1675 1745 1778 1785 1882 1908 2011 2098 2109 2176 2240 2262 2356 2528 2696 3309 3450 3536 3551 3660 3938 4093 4129 4233 4242 4262 4294 4560 4670 4695 5014 5097 5187 5231 5268 5384 5472 5510 5550 5599 5667 5668 6002 6051 6079 6398 6674 9699 9706 9709 9714 9727 9735 9743 9747 9754 9758 9762 9766 9780 9788 9789 9804 9805 9812 9813 9826 9836 9841 9842 9854 9860 9867 9868 9869 9872 9881 9887 9896 9897 9910 9911 9926 9934 9936 9954 9964 9974 9979 9980 9988 10009 
	}
	weather={
		period={
			between={ 0.0 30.11 }
			temperature={ 12.0 30.0 }
			no_phenomenon=0.500
			rain_light=0.250
			rain_heavy=0.100
			snow=0.000
			blizzard=0.000
			arctic_water=0.000
			mud=1.000
			sandstorm=0.000
			min_snow_level=0.000
		}
	}
}
