
strategic_region={
	id=25
	name="STRATEGICREGION_25"
	provinces={
		7 286 310 341 368 531 668 795 818 848 1006 1231 1408 1488 1501 1592 1701 1932 1972 2343 2416 2426 2432 2543 2559 2571 2578 2585 2605 2708 3301 3333 3398 3456 3490 3514 3568 3582 3627 3694 3713 3806 3815 3960 4030 4203 4401 4808 4816 4831 5189 5642 5801 5900 5956 6040 6294 6425 6660 9441 9445 9462 9474 9477 9519 9523 9533 9551 9552 9558 9597 9601 9606 9615 9622 9623 9630 9637 9638 9648 9649 9654 9657 9661 9675 9676 9685 9689 9702 9707 9721 9732 9760 9767 9769 9790 
	}
	weather={
		period={
			between={ 0.0 30.11 }
			temperature={ 12.0 30.0 }
			no_phenomenon=0.500
			rain_light=0.250
			rain_heavy=0.100
			snow=0.000
			blizzard=0.000
			arctic_water=0.000
			mud=1.000
			sandstorm=0.000
			min_snow_level=0.000
		}
	}
}
