
strategic_region={
	id=26
	name="STRATEGICREGION_26"
	provinces={
		77 108 181 214 216 344 417 527 747 764 812 999 1276 1383 1472 1539 1603 1658 2050 2070 2099 2152 2525 2681 2742 2754 3482 3483 3573 3683 4003 4384 4697 4709 4786 5077 5242 5301 5368 5406 5740 5774 5781 5851 5924 6084 6085 6090 6104 6428 6475 6583 6652 9219 9222 9246 9247 9250 9256 9268 9276 9277 9288 9308 9318 9322 9327 9373 9378 9386 9392 9400 9406 9411 9414 9438 9440 9442 9460 9461 9476 9481 
	}
	weather={
		period={
			between={ 0.0 30.11 }
			temperature={ 12.0 30.0 }
			no_phenomenon=0.500
			rain_light=0.250
			rain_heavy=0.100
			snow=0.000
			blizzard=0.000
			arctic_water=0.000
			mud=1.000
			sandstorm=0.000
			min_snow_level=0.000
		}
	}
}
