
strategic_region={
	id=27
	name="STRATEGICREGION_27"
	provinces={
		63 400 529 536 666 716 796 799 864 1073 1270 1402 1415 1514 1532 1755 1901 1955 2031 2107 2372 2395 2661 2698 2749 2857 2908 2974 2980 3031 3046 3161 3162 3214 3298 3416 3474 3704 3753 3881 4019 4081 4239 4253 4254 4363 4534 4590 4706 4783 4800 5047 5080 5088 5093 5193 5269 5378 5466 5612 5644 5800 5853 5905 6016 6086 6223 6283 6289 6321 6329 6501 9208 9226 9235 9238 9251 9253 9260 9264 9265 9271 9272 9275 9292 9293 9304 9313 9314 9319 9329 9344 9356 9365 9371 9385 9397 9402 9418 9424 9429 9439 9457 9472 9483 9484 9490 9504 9507 9518 9522 9525 9548 9574 9577 9581 9590 
	}
	weather={
		period={
			between={ 0.0 30.11 }
			temperature={ 12.0 30.0 }
			no_phenomenon=0.500
			rain_light=0.250
			rain_heavy=0.100
			snow=0.000
			blizzard=0.000
			arctic_water=0.000
			mud=1.000
			sandstorm=0.000
			min_snow_level=0.000
		}
	}
}
