
strategic_region={
	id=28
	name="STRATEGICREGION_28"
	provinces={
		39 74 152 170 217 485 502 509 737 842 924 1100 1108 1143 1174 1295 1307 1318 1386 1418 1757 1868 1897 1956 1969 2004 2234 2298 2617 2645 2691 2735 2790 2838 2922 2923 2936 2954 3076 3091 3100 3245 3332 3552 3586 3653 3665 3699 3784 3788 3862 3880 4066 4205 4325 4496 4542 4567 4570 4657 4704 4846 4849 4894 5165 5214 5215 5328 5374 5389 5433 5467 5500 5767 5807 5841 5992 6003 6021 6030 6126 9234 9241 9252 9261 9285 9287 9291 9296 9299 9315 9317 9330 9334 9339 9340 9345 9366 9367 9381 9382 9394 9423 9425 9434 9450 9464 9469 9479 9480 9487 9498 9508 9509 9513 9514 9532 9545 9560 9572 9575 9584 9585 9605 9614 9636 9656 9664 9670 
	}
	weather={
		period={
			between={ 0.0 30.11 }
			temperature={ 12.0 30.0 }
			no_phenomenon=0.500
			rain_light=0.250
			rain_heavy=0.100
			snow=0.000
			blizzard=0.000
			arctic_water=0.000
			mud=1.000
			sandstorm=0.000
			min_snow_level=0.000
		}
	}
}
