
strategic_region={
	id=29
	name="STRATEGICREGION_29"
	provinces={
		33 54 111 193 302 432 646 713 739 1080 1139 1185 1234 1446 1499 1521 1609 1662 1953 2026 2169 2354 2375 2387 2436 2597 2625 2686 2712 2778 2809 2946 3079 3175 3407 3453 3497 3547 3571 3750 3789 3851 3911 3982 4448 4456 4513 4547 4559 4561 4645 4823 4978 5079 5173 5180 5280 5470 5578 5581 5611 5688 5715 5757 5758 5855 5901 6048 6188 6252 6265 6269 6378 6445 6465 6591 6669 9698 9717 9725 9774 9776 9781 9784 9796 9798 9802 9806 9810 9817 9821 9833 9838 9843 9848 9862 9866 9875 9876 9877 9888 9891 9892 9898 9901 9902 9917 9922 9924 9925 9940 9948 9957 9968 9985 
	}
	weather={
		period={
			between={ 0.0 30.11 }
			temperature={ 12.0 30.0 }
			no_phenomenon=0.500
			rain_light=0.250
			rain_heavy=0.100
			snow=0.000
			blizzard=0.000
			arctic_water=0.000
			mud=1.000
			sandstorm=0.000
			min_snow_level=0.000
		}
	}
}
