
strategic_region={
	id=3
	name="STRATEGICREGION_3"
	provinces={
		110 360 390 1026 1071 1325 1344 1770 1792 1963 2065 2422 2561 2791 3055 3275 3530 3632 3891 4007 4425 4491 4638 4654 4745 4931 5116 5620 5995 6233 6254 6379 10650 10651 10655 10656 10663 10666 10667 10671 10674 10675 10678 10679 10681 10686 10690 10695 10697 10699 10703 10704 10707 
	}
	weather={
		period={
			between={ 0.0 30.11 }
			temperature={ 12.0 30.0 }
			no_phenomenon=0.500
			rain_light=0.250
			rain_heavy=0.100
			snow=0.000
			blizzard=0.000
			arctic_water=0.000
			mud=1.000
			sandstorm=0.000
			min_snow_level=0.000
		}
	}
}
