
strategic_region={
	id=30
	name="STRATEGICREGION_30"
	provinces={
		117 119 174 199 461 500 532 1160 1398 1422 1431 1740 1749 1804 1814 1894 2120 2253 2404 2490 2566 2776 3124 3154 3320 3369 3434 3532 3587 3603 3696 3736 3912 4128 4581 4642 4659 4666 4668 4976 5069 5129 5504 5566 5596 5656 5678 6244 6250 6430 6449 6474 6504 6547 6628 9449 9473 9505 9538 9549 9556 9566 9570 9573 9604 9608 9613 9618 9629 9632 9643 9644 9655 9681 9683 9713 9720 9756 9757 9775 9785 9797 9818 9828 9850 9871 9893 9919 9960 
	}
	weather={
		period={
			between={ 0.0 30.11 }
			temperature={ 12.0 30.0 }
			no_phenomenon=0.500
			rain_light=0.250
			rain_heavy=0.100
			snow=0.000
			blizzard=0.000
			arctic_water=0.000
			mud=1.000
			sandstorm=0.000
			min_snow_level=0.000
		}
	}
}
