
strategic_region={
	id=31
	name="STRATEGICREGION_31"
	provinces={
		21 256 306 382 549 552 613 1004 1034 1221 1262 1314 1354 1563 1786 1914 2272 2276 2319 2371 2433 2527 2574 2577 2772 2812 2834 2872 2895 3027 3065 3087 3170 3195 3285 3440 3441 3469 3616 3707 3755 3761 3801 3846 3853 3892 4123 4171 4182 4332 4346 4523 4614 4625 4867 5027 5153 5388 5398 5429 5476 5685 5788 5878 6125 6439 6586 6598 9301 9311 9320 9337 9343 9350 9358 9359 9360 9361 9372 9390 9422 9431 9448 9452 9453 9454 9456 9465 9468 9475 9503 9521 9530 9531 9535 9541 9543 9546 9554 9555 9589 9593 9596 9599 9621 9625 9626 9628 9641 9647 9668 9673 9701 
	}
	weather={
		period={
			between={ 0.0 30.11 }
			temperature={ 12.0 30.0 }
			no_phenomenon=0.500
			rain_light=0.250
			rain_heavy=0.100
			snow=0.000
			blizzard=0.000
			arctic_water=0.000
			mud=1.000
			sandstorm=0.000
			min_snow_level=0.000
		}
	}
}
