
strategic_region={
	id=32
	name="STRATEGICREGION_32"
	provinces={
		133 249 274 325 464 467 678 691 753 804 1059 1072 1337 1796 1939 1952 1965 2018 2044 2096 2137 2183 2321 2553 2614 2632 2654 2743 2795 2910 3147 3528 3555 3606 3607 3726 3931 4112 4114 4157 4218 4323 4440 4475 4492 4494 4639 4656 4788 4844 4863 4878 4938 5083 5151 5226 5270 5359 5533 5600 5830 6011 6043 6068 6109 6279 6477 6483 6523 6580 6653 9447 9482 9485 9510 9511 9528 9534 9550 9553 9557 9565 9569 9576 9579 9586 9595 9603 9609 9627 9640 9652 9659 9662 9677 9682 9687 9693 9694 9695 9700 9708 9712 9718 9726 9730 9745 9749 9752 9759 9761 9764 9773 9809 9816 9827 9837 9884 9895 9900 9952 
	}
	weather={
		period={
			between={ 0.0 30.11 }
			temperature={ 12.0 30.0 }
			no_phenomenon=0.500
			rain_light=0.250
			rain_heavy=0.100
			snow=0.000
			blizzard=0.000
			arctic_water=0.000
			mud=1.000
			sandstorm=0.000
			min_snow_level=0.000
		}
	}
}
