
strategic_region={
	id=33
	name="STRATEGICREGION_33"
	provinces={
		34 97 125 194 209 295 431 436 489 604 669 766 862 881 907 957 977 989 1035 1136 1184 1188 1548 1764 1789 1853 1923 1937 2032 2068 2208 2210 2324 2486 2575 2726 2886 3185 3263 3322 3419 3494 3702 3884 4148 4235 4246 4264 4409 4480 4653 4676 4727 4765 4862 4865 4907 5065 5172 5224 5277 5294 5295 5461 5488 5564 5713 5756 5825 5859 5894 6165 6297 6645 9290 9302 9310 9325 9326 9335 9336 9338 9348 9352 9354 9357 9376 9384 9388 9389 9393 9396 9407 9408 9416 9417 9428 9432 9436 9455 9458 9470 9491 9493 9494 9516 9517 9520 9537 9540 9547 9563 9564 9568 9578 9582 9583 9588 9602 9607 9612 9633 9642 9646 9667 9686 
	}
	weather={
		period={
			between={ 0.0 30.11 }
			temperature={ 12.0 30.0 }
			no_phenomenon=0.500
			rain_light=0.250
			rain_heavy=0.100
			snow=0.000
			blizzard=0.000
			arctic_water=0.000
			mud=1.000
			sandstorm=0.000
			min_snow_level=0.000
		}
	}
}
