
strategic_region={
	id=34
	name="STRATEGICREGION_34"
	provinces={
		109 176 213 356 455 486 494 514 802 858 894 1018 1198 1223 1284 1310 1902 1931 1985 2001 2053 2130 2149 2173 2384 2394 2584 2608 2626 2679 2831 2892 2992 3038 3159 3196 3303 3501 3592 3620 3745 3903 3956 4021 4084 4113 4185 4250 4277 4473 4584 4707 4716 4766 4817 4826 4981 5017 5085 5092 5298 5435 5462 5545 5575 5647 5750 5975 6007 6089 6108 6218 6224 6330 6498 6539 9186 9189 9212 9224 9232 9233 9242 9243 9248 9255 9258 9259 9262 9267 9270 9273 9274 9279 9280 9286 9289 9294 9300 9303 9305 9307 9316 9323 9324 9346 9349 9355 9374 9375 9404 9413 9421 9437 9451 9459 
	}
	weather={
		period={
			between={ 0.0 30.11 }
			temperature={ 12.0 30.0 }
			no_phenomenon=0.500
			rain_light=0.250
			rain_heavy=0.100
			snow=0.000
			blizzard=0.000
			arctic_water=0.000
			mud=1.000
			sandstorm=0.000
			min_snow_level=0.000
		}
	}
}
