
strategic_region={
	id=35
	name="STRATEGICREGION_35"
	provinces={
		87 215 271 572 593 608 659 724 743 809 821 936 1271 1340 1348 1357 1541 1555 1678 2043 2236 2976 3019 3084 3108 3166 3227 3256 3404 3433 3502 3561 3642 3687 3827 3835 3970 4073 4283 4379 4414 4426 4552 4571 4636 4660 4857 5013 5171 5362 5852 5966 6009 6201 6352 6364 6413 6581 6593 6623 6625 8835 8853 8870 8886 8909 8922 8958 8965 8966 8972 8976 8979 8988 8989 9000 9001 9007 9020 9047 9054 9059 9064 9065 9091 9095 9101 9104 9112 9118 9119 9125 9133 9137 9179 9203 9231 
	}
	weather={
		period={
			between={ 0.0 30.11 }
			temperature={ 12.0 30.0 }
			no_phenomenon=0.500
			rain_light=0.250
			rain_heavy=0.100
			snow=0.000
			blizzard=0.000
			arctic_water=0.000
			mud=1.000
			sandstorm=0.000
			min_snow_level=0.000
		}
	}
}
