
strategic_region={
	id=36
	name="STRATEGICREGION_36"
	provinces={
		392 564 647 784 833 893 990 1120 1267 1277 1315 1328 1553 1718 1929 2007 2049 2189 2281 2290 2621 2702 2724 2847 3003 3032 3034 3080 3109 3240 3329 3426 3471 3499 3537 3553 3723 3768 3876 3937 4043 4121 4194 4302 4360 4511 4541 4824 4918 4986 5160 5178 5484 5592 6344 6410 6418 8841 8843 8859 8865 8880 8917 8927 8947 8956 8983 8991 9012 9026 9027 9044 9073 9074 9114 9126 9127 9148 9152 9168 9183 9190 9195 9204 9213 9214 9221 9237 9249 
	}
	weather={
		period={
			between={ 0.0 30.11 }
			temperature={ 12.0 30.0 }
			no_phenomenon=0.500
			rain_light=0.250
			rain_heavy=0.100
			snow=0.000
			blizzard=0.000
			arctic_water=0.000
			mud=1.000
			sandstorm=0.000
			min_snow_level=0.000
		}
	}
}
