
strategic_region={
	id=37
	name="STRATEGICREGION_37"
	provinces={
		75 339 457 628 707 1142 1299 1332 1495 1519 1573 1622 1646 1715 1763 1851 2092 2181 2302 2310 2380 2620 2677 3184 3222 3225 3246 3330 3480 3492 3550 3631 3783 3826 3917 4094 4110 4224 4389 4428 4472 4500 4738 4854 4897 4906 4927 4982 5025 5051 5110 5145 5175 5319 5412 5601 5621 5692 5932 5938 5976 6027 6199 6251 6335 6372 6392 6546 6552 6585 6648 6663 9096 9106 9128 9142 9149 9158 9173 9174 9177 9192 9196 9197 9201 9205 9216 9225 9229 9240 9263 9269 9281 9283 9284 9295 9297 9298 9306 9309 9312 9328 9331 9332 9368 9399 
	}
	weather={
		period={
			between={ 0.0 30.11 }
			temperature={ 12.0 30.0 }
			no_phenomenon=0.500
			rain_light=0.250
			rain_heavy=0.100
			snow=0.000
			blizzard=0.000
			arctic_water=0.000
			mud=1.000
			sandstorm=0.000
			min_snow_level=0.000
		}
	}
}
