
strategic_region={
	id=38
	name="STRATEGICREGION_38"
	provinces={
		18 102 129 138 202 247 280 497 576 673 759 870 973 1025 1104 1222 1241 1355 1452 1486 2019 2269 2287 2629 2739 2761 2899 2942 3218 3253 3496 3503 3617 4005 4062 4200 4201 4316 4652 4686 4698 4735 4932 4945 4974 4992 5056 5274 5473 5706 5843 5983 6174 6208 6331 6464 6632 8636 8651 8660 8668 8669 8688 8693 8708 8726 8728 8733 8742 8773 8822 8844 8849 8854 8860 8871 8881 8885 8902 8918 8919 8923 8959 8967 8973 8990 8992 9005 9028 9038 9048 9049 9050 9055 9079 9086 9089 9092 
	}
	weather={
		period={
			between={ 0.0 30.11 }
			temperature={ 12.0 30.0 }
			no_phenomenon=0.500
			rain_light=0.250
			rain_heavy=0.100
			snow=0.000
			blizzard=0.000
			arctic_water=0.000
			mud=1.000
			sandstorm=0.000
			min_snow_level=0.000
		}
	}
}
