
strategic_region={
	id=39
	name="STRATEGICREGION_39"
	provinces={
		42 142 336 371 381 424 553 565 626 672 884 970 1126 1182 1399 1404 1482 1691 1769 1869 1870 1883 2014 2124 2148 2421 2479 2556 2569 2570 2642 2701 2965 2973 3096 3281 3292 3900 4126 4208 4293 4398 4417 4528 4623 4743 4798 4827 4895 5061 5139 5261 5290 5641 5919 6031 6057 6163 6361 6521 6549 6609 8861 8874 8905 8948 8954 8974 8980 8993 9002 9008 9017 9036 9041 9056 9066 9071 9080 9083 9093 9105 9120 9129 9130 9138 9157 9164 9169 9199 9217 9254 9282 
	}
	weather={
		period={
			between={ 0.0 30.11 }
			temperature={ 12.0 30.0 }
			no_phenomenon=0.500
			rain_light=0.250
			rain_heavy=0.100
			snow=0.000
			blizzard=0.000
			arctic_water=0.000
			mud=1.000
			sandstorm=0.000
			min_snow_level=0.000
		}
	}
}
