
strategic_region={
	id=40
	name="STRATEGICREGION_40"
	provinces={
		120 145 157 168 430 515 770 913 980 1227 1303 1583 1644 1779 1977 1986 2116 2212 2294 2330 2789 2864 2994 3114 3200 3431 3444 3461 3629 3754 3776 3793 3828 3987 4052 4086 4221 4227 4292 4297 4554 4767 4915 4925 5028 5111 5264 5284 5475 5539 5753 5907 6149 6202 6303 6614 8875 8900 8906 8910 8924 8931 8933 8936 8938 8949 8960 8981 8997 9013 9014 9023 9024 9029 9031 9042 9057 9070 9075 9081 9085 9090 9097 9107 9108 9121 9134 9135 9154 9155 9170 9171 9180 9185 9187 9193 9210 9218 9227 
	}
	weather={
		period={
			between={ 0.0 30.11 }
			temperature={ 12.0 30.0 }
			no_phenomenon=0.500
			rain_light=0.250
			rain_heavy=0.100
			snow=0.000
			blizzard=0.000
			arctic_water=0.000
			mud=1.000
			sandstorm=0.000
			min_snow_level=0.000
		}
	}
}
