
strategic_region={
	id=41
	name="STRATEGICREGION_41"
	provinces={
		270 406 473 600 778 958 997 1031 1047 1218 1228 1313 1352 1708 1971 2438 2531 2684 2885 3128 3311 3648 3839 3954 4002 4334 4423 4626 4802 5547 5585 5716 5824 5829 6099 6170 6267 6346 6682 8575 8600 8613 8615 8690 8698 8713 8736 8767 8780 8782 8794 8808 8820 8824 8837 8887 8895 8928 8934 8939 8977 
	}
	weather={
		period={
			between={ 0.0 30.11 }
			temperature={ 12.0 30.0 }
			no_phenomenon=0.500
			rain_light=0.250
			rain_heavy=0.100
			snow=0.000
			blizzard=0.000
			arctic_water=0.000
			mud=1.000
			sandstorm=0.000
			min_snow_level=0.000
		}
	}
}
