
strategic_region={
	id=42
	name="STRATEGICREGION_42"
	provinces={
		141 186 843 917 1015 1327 1458 1651 1681 2145 2211 2229 2346 2721 2820 2876 3043 3069 3337 3377 3422 3901 3949 4098 4225 4407 4419 4520 4536 4564 4568 4732 4772 4887 4996 5078 5162 5293 5339 5792 5875 6118 6138 6213 6225 6243 6673 10355 10359 10366 10377 10396 10399 10421 10464 10479 10484 10494 10498 10500 10514 10525 10526 10539 10577 10579 10583 
	}
	weather={
		period={
			between={ 0.0 30.11 }
			temperature={ 12.0 30.0 }
			no_phenomenon=0.500
			rain_light=0.250
			rain_heavy=0.100
			snow=0.000
			blizzard=0.000
			arctic_water=0.000
			mud=1.000
			sandstorm=0.000
			min_snow_level=0.000
		}
	}
}
