
strategic_region={
	id=44
	name="STRATEGICREGION_44"
	provinces={
		60 291 416 454 520 642 704 822 937 1097 1172 1207 1468 1567 1680 1686 1743 1799 1948 1987 2041 2470 2498 2541 2602 2640 3113 3125 3140 3316 3317 3659 3682 3921 4050 4209 4295 4585 4751 5331 5420 5530 5629 5682 5887 6145 6399 6608 10245 10281 10284 10288 10289 10294 10309 10334 10338 10380 10405 10434 10450 10470 10504 10505 10520 10529 10534 10547 10554 10561 10576 
	}
	weather={
		period={
			between={ 0.0 30.11 }
			temperature={ 12.0 30.0 }
			no_phenomenon=0.500
			rain_light=0.250
			rain_heavy=0.100
			snow=0.000
			blizzard=0.000
			arctic_water=0.000
			mud=1.000
			sandstorm=0.000
			min_snow_level=0.000
		}
	}
}
