
strategic_region={
	id=45
	name="STRATEGICREGION_45"
	provinces={
		28 162 524 588 640 944 1122 1254 1414 1450 1487 1655 2114 2722 2764 2869 2953 3012 3066 3089 3194 3212 3421 3676 3716 3780 3932 4118 4192 4237 4310 4483 4650 4651 4900 5122 5154 5400 5404 5546 5871 5888 6219 6405 10026 10045 10061 10072 10093 10094 10121 10124 10144 10187 10190 10191 10211 10215 10229 10233 10239 10241 10257 10265 10266 10274 10279 10280 10283 10298 10324 10329 10343 10349 10365 10384 10389 10392 10407 10410 10414 
	}
	weather={
		period={
			between={ 0.0 30.11 }
			temperature={ 12.0 30.0 }
			no_phenomenon=0.500
			rain_light=0.250
			rain_heavy=0.100
			snow=0.000
			blizzard=0.000
			arctic_water=0.000
			mud=1.000
			sandstorm=0.000
			min_snow_level=0.000
		}
	}
}
