
strategic_region={
	id=48
	name="STRATEGICREGION_48"
	provinces={
		258 398 574 625 1014 1041 1405 1447 1520 1559 2489 2862 3000 3090 3339 3341 3449 3546 3695 3810 3818 3918 4014 4150 4280 4317 4712 5181 5225 5234 5352 5589 5794 6064 6122 6178 6380 6626 6672 9907 9912 9927 9929 9935 9947 9956 9959 9962 9990 9995 10014 10015 10040 10046 10048 10059 10064 10079 10090 10095 10098 10104 10119 10140 10167 10194 11492 11495 
	}
	weather={
		period={
			between={ 0.0 30.11 }
			temperature={ 12.0 30.0 }
			no_phenomenon=0.500
			rain_light=0.250
			rain_heavy=0.100
			snow=0.000
			blizzard=0.000
			arctic_water=0.000
			mud=1.000
			sandstorm=0.000
			min_snow_level=0.000
		}
	}
}
