
strategic_region={
	id=49
	name="STRATEGICREGION_49"
	provinces={
		8 205 264 479 575 761 1420 1437 1483 1491 1670 1706 1798 1818 1824 1846 1950 1981 2110 2147 2271 2289 2293 2391 2638 2758 2822 2995 3167 3182 3304 3327 3608 3993 4041 4169 4411 4460 4859 4903 4941 5285 5309 5570 5704 5795 5912 6060 9672 9678 9679 9680 9692 9710 9715 9716 9722 9736 9738 9740 9744 9755 9771 9778 9786 9787 9795 9800 9801 9815 9846 9847 9870 9885 9890 9914 9932 9937 9938 9944 9965 9975 9981 9983 9993 10007 10016 10017 10035 10043 
	}
	weather={
		period={
			between={ 0.0 30.11 }
			temperature={ 12.0 30.0 }
			no_phenomenon=0.500
			rain_light=0.250
			rain_heavy=0.100
			snow=0.000
			blizzard=0.000
			arctic_water=0.000
			mud=1.000
			sandstorm=0.000
			min_snow_level=0.000
		}
	}
}
