
strategic_region={
	id=50
	name="STRATEGICREGION_50"
	provinces={
		106 114 195 324 523 535 909 972 1112 1306 1362 1531 1557 1816 2261 2300 2627 2866 2964 3160 3367 3521 3844 3971 4038 4438 4503 4689 4764 4821 4833 4914 5102 5134 6080 6646 9783 9791 9792 9794 9807 9808 9819 9823 9852 9853 9855 9863 9879 9905 9906 9921 9931 9946 9951 9953 9958 9969 9971 9978 9987 9989 10002 10011 10022 10039 10052 
	}
	weather={
		period={
			between={ 0.0 30.11 }
			temperature={ 12.0 30.0 }
			no_phenomenon=0.500
			rain_light=0.250
			rain_heavy=0.100
			snow=0.000
			blizzard=0.000
			arctic_water=0.000
			mud=1.000
			sandstorm=0.000
			min_snow_level=0.000
		}
	}
}
