
strategic_region={
	id=52
	name="STRATEGICREGION_52"
	provinces={
		88 267 283 284 528 694 718 746 969 1007 1150 1219 1236 1544 1637 1648 1765 1861 1880 1957 1991 2045 2223 2224 2295 2301 2349 2821 2826 2958 3021 3289 3458 4096 4229 4266 4413 4509 4628 4699 4972 5033 5103 5146 5440 5631 5714 5765 5854 6311 6442 6453 9363 9369 9370 9383 9387 9395 9403 9410 9412 9415 9426 9427 9446 9467 9478 9489 9492 9501 9502 9512 9515 9529 9542 9544 9559 9561 9562 9567 9591 9592 9594 9611 9616 9617 9620 9639 9651 9653 9658 9665 9671 9684 
	}
	weather={
		period={
			between={ 0.0 30.11 }
			temperature={ 12.0 30.0 }
			no_phenomenon=0.500
			rain_light=0.250
			rain_heavy=0.100
			snow=0.000
			blizzard=0.000
			arctic_water=0.000
			mud=1.000
			sandstorm=0.000
			min_snow_level=0.000
		}
	}
}
