
strategic_region={
	id=54
	name="STRATEGICREGION_54"
	provinces={
		196 407 412 829 1233 1423 1525 1580 1598 1640 2167 2198 2643 2666 2705 3121 3340 3348 3366 3379 3467 3737 3907 3908 4315 4397 4565 4611 4631 4691 4838 5179 5511 5535 5691 5712 6496 6656 9341 9342 9351 9353 9362 9364 9379 9391 9398 9401 9419 9420 9430 9435 9443 9466 9488 9499 9500 9524 9526 9527 
	}
	weather={
		period={
			between={ 0.0 30.11 }
			temperature={ 12.0 30.0 }
			no_phenomenon=0.500
			rain_light=0.250
			rain_heavy=0.100
			snow=0.000
			blizzard=0.000
			arctic_water=0.000
			mud=1.000
			sandstorm=0.000
			min_snow_level=0.000
		}
	}
}
