
strategic_region={
	id=55
	name="STRATEGICREGION_55"
	provinces={
		116 355 629 940 1052 1166 1448 1492 1577 1809 1934 2260 2366 2396 2630 2647 2750 3112 3174 3296 3428 3473 3539 3797 3950 4108 4111 4116 4381 4499 4621 4812 4991 5018 5046 5235 5408 5684 5769 5840 5941 5957 6351 6423 6432 6562 8921 8952 8953 8982 8994 8996 9021 9022 9025 9045 9062 9067 9098 9099 9100 9132 9136 9146 9156 9160 9162 9172 9181 9198 9206 9211 9223 9244 9257 
	}
	weather={
		period={
			between={ 0.0 30.11 }
			temperature={ 12.0 30.0 }
			no_phenomenon=0.500
			rain_light=0.250
			rain_heavy=0.100
			snow=0.000
			blizzard=0.000
			arctic_water=0.000
			mud=1.000
			sandstorm=0.000
			min_snow_level=0.000
		}
	}
}
