
strategic_region={
	id=56
	name="STRATEGICREGION_56"
	provinces={
		1 744 801 816 960 986 1179 1257 1260 1379 1629 1634 1695 2063 2075 2221 2427 2501 2511 2685 2752 3062 3209 3238 3674 3728 4028 4101 4498 4603 4809 4971 5147 5252 5441 5910 6098 6103 6234 6340 6513 8798 8852 8872 8891 8892 8896 8907 8911 8929 8935 8950 8962 8968 8984 8995 9018 9032 9033 9051 9061 9072 9102 9103 9109 9123 9131 9141 9159 9161 9166 9175 9176 9191 9200 
	}
	weather={
		period={
			between={ 0.0 30.11 }
			temperature={ 12.0 30.0 }
			no_phenomenon=0.500
			rain_light=0.250
			rain_heavy=0.100
			snow=0.000
			blizzard=0.000
			arctic_water=0.000
			mud=1.000
			sandstorm=0.000
			min_snow_level=0.000
		}
	}
}
