
strategic_region={
	id=57
	name="STRATEGICREGION_57"
	provinces={
		212 338 471 550 610 874 1009 1203 1490 1508 1599 1620 1638 1881 2311 2472 2484 2622 2711 2793 2967 3001 3095 3155 3594 3739 3808 3814 3883 3894 3898 3929 4172 4356 4692 4836 4988 5207 5436 5676 5696 6044 6206 6247 6259 6436 6532 6537 6680 8641 8675 8701 8702 8707 8727 8730 8759 8769 8790 8791 8799 8803 8804 8815 8821 8847 8876 8882 8888 8903 8912 8920 8951 8963 8975 9010 9043 9052 9087 
	}
	weather={
		period={
			between={ 0.0 30.11 }
			temperature={ 12.0 30.0 }
			no_phenomenon=0.500
			rain_light=0.250
			rain_heavy=0.100
			snow=0.000
			blizzard=0.000
			arctic_water=0.000
			mud=1.000
			sandstorm=0.000
			min_snow_level=0.000
		}
	}
}
