
strategic_region={
	id=58
	name="STRATEGICREGION_58"
	provinces={
		112 200 334 350 372 708 905 1016 1178 1205 1229 1253 1733 1829 2227 2341 2409 2635 3173 3219 3596 4039 4059 4390 4532 4632 4649 4661 4682 5032 5250 5255 5273 5495 5498 5563 5565 5571 5689 5731 5796 5868 5890 5998 6112 6131 6153 6222 6258 6382 8429 8471 8475 8480 8533 8534 8578 8580 8616 8634 8647 8664 8670 8678 8691 8714 8715 8724 8748 8774 8775 8792 8818 8826 8827 8848 8855 8877 8893 8897 8914 8925 8985 
	}
	weather={
		period={
			between={ 0.0 30.11 }
			temperature={ 12.0 30.0 }
			no_phenomenon=0.500
			rain_light=0.250
			rain_heavy=0.100
			snow=0.000
			blizzard=0.000
			arctic_water=0.000
			mud=1.000
			sandstorm=0.000
			min_snow_level=0.000
		}
	}
}
