
strategic_region={
	id=59
	name="STRATEGICREGION_59"
	provinces={
		303 348 386 426 487 645 654 793 879 1021 1149 1157 1181 1246 1597 1664 1720 1849 1858 1933 1964 2144 2255 2256 2331 2357 2471 2499 2854 2930 2991 3103 3697 3833 4125 4268 4515 4591 4733 4796 4957 5011 5121 5131 5209 5219 5505 5583 5705 5864 6124 6240 6348 6394 6551 6621 8200 8210 8238 8252 8271 8276 8279 8291 8299 8304 8319 8339 8348 8379 8389 8395 8432 8435 8447 8484 8509 8521 8524 8542 8555 8579 8590 8597 8598 8622 8645 8654 8674 8704 8729 8737 8741 8747 8763 8789 8795 8813 8817 8825 8840 
	}
	weather={
		period={
			between={ 0.0 30.11 }
			temperature={ 12.0 30.0 }
			no_phenomenon=0.500
			rain_light=0.250
			rain_heavy=0.100
			snow=0.000
			blizzard=0.000
			arctic_water=0.000
			mud=1.000
			sandstorm=0.000
			min_snow_level=0.000
		}
	}
}
