
strategic_region={
	id=6
	name="STRATEGICREGION_6"
	provinces={
		134 179 208 749 827 1055 1643 1756 1852 1941 2244 2304 2353 2385 2468 2690 2753 2971 3050 3306 3362 3406 3446 3593 3609 3656 3685 3698 3834 3875 3958 3990 3992 4058 4342 4357 4371 4416 4718 4825 4889 5054 5086 5161 5524 5630 5710 5867 5869 6073 6094 6096 10503 10528 10543 10548 10549 10559 10560 10567 10581 10587 10589 10599 10600 10601 10603 10606 10608 10609 10611 10612 10621 10623 10625 10627 10629 10630 10632 10636 10638 10639 10647 10654 
	}
	weather={
		period={
			between={ 0.0 30.11 }
			temperature={ 12.0 30.0 }
			no_phenomenon=0.500
			rain_light=0.250
			rain_heavy=0.100
			snow=0.000
			blizzard=0.000
			arctic_water=0.000
			mud=1.000
			sandstorm=0.000
			min_snow_level=0.000
		}
	}
}
