
strategic_region={
	id=60
	name="STRATEGICREGION_60"
	provinces={
		46 127 255 320 418 449 579 627 652 873 930 1060 1066 1109 1264 1397 1512 1855 1862 1865 1896 2013 2151 2174 2188 2374 2420 2493 2542 2562 2762 2937 2999 3044 3197 3247 3312 3349 3584 3727 3795 3915 4270 4343 4431 4493 4563 4588 4674 4715 5176 5243 5541 5903 6067 6146 6271 6438 6566 6657 8237 8253 8274 8280 8302 8305 8340 8343 8357 8428 8436 8460 8468 8486 8493 8506 8522 8539 8594 8627 8640 8662 8695 8706 8738 8762 8783 
	}
	weather={
		period={
			between={ 0.0 30.11 }
			temperature={ 12.0 30.0 }
			no_phenomenon=0.500
			rain_light=0.250
			rain_heavy=0.100
			snow=0.000
			blizzard=0.000
			arctic_water=0.000
			mud=1.000
			sandstorm=0.000
			min_snow_level=0.000
		}
	}
}
