
strategic_region={
	id=61
	name="STRATEGICREGION_61"
	provinces={
		601 706 734 786 875 876 956 1608 1807 1962 2159 2207 2254 2454 2902 3068 3142 3254 3272 3371 3436 3475 3721 4004 4095 4478 4830 4851 4909 5334 5361 5531 5648 5653 5866 5980 6006 6017 6154 6190 6255 6554 8160 8185 8194 8201 8223 8229 8264 8293 8308 8324 8350 8375 8380 8409 8461 8474 8478 8487 8498 8510 8511 8515 8551 8558 8562 8576 8577 8595 8623 8638 8650 8663 
	}
	weather={
		period={
			between={ 0.0 30.11 }
			temperature={ 12.0 30.0 }
			no_phenomenon=0.500
			rain_light=0.250
			rain_heavy=0.100
			snow=0.000
			blizzard=0.000
			arctic_water=0.000
			mud=1.000
			sandstorm=0.000
			min_snow_level=0.000
		}
	}
}
