
strategic_region={
	id=62
	name="STRATEGICREGION_62"
	provinces={
		45 173 490 584 684 717 897 982 1105 1170 1515 1713 1959 2024 2248 2446 3111 3386 3525 3673 3724 3740 3867 4160 4517 4549 4605 4853 4882 5001 5109 5164 5471 5622 5736 5810 5913 5997 5999 6316 6347 8062 8067 8129 8154 8161 8165 8175 8186 8187 8216 8219 8239 8248 8255 8261 8268 8294 8307 8346 8363 8381 8404 8410 8445 8448 8454 8516 8547 
	}
	weather={
		period={
			between={ 0.0 30.11 }
			temperature={ 12.0 30.0 }
			no_phenomenon=0.500
			rain_light=0.250
			rain_heavy=0.100
			snow=0.000
			blizzard=0.000
			arctic_water=0.000
			mud=1.000
			sandstorm=0.000
			min_snow_level=0.000
		}
	}
}
