
strategic_region={
	id=63
	name="STRATEGICREGION_63"
	provinces={
		137 211 287 446 569 632 735 1062 1175 1304 1374 1922 2029 2069 2182 2307 2381 2483 2601 2787 2918 2926 2955 2977 2997 3026 3052 3131 3619 3825 4301 4370 4510 4749 4773 4856 5003 5007 5043 5096 5237 5671 5789 5797 5960 6137 6195 6356 6371 6654 6658 7989 8007 8035 8036 8037 8061 8079 8091 8110 8112 8113 8120 8127 8140 8143 8179 8180 8184 8206 8208 8215 8222 8247 
	}
	weather={
		period={
			between={ 0.0 30.11 }
			temperature={ 12.0 30.0 }
			no_phenomenon=0.500
			rain_light=0.250
			rain_heavy=0.100
			snow=0.000
			blizzard=0.000
			arctic_water=0.000
			mud=1.000
			sandstorm=0.000
			min_snow_level=0.000
		}
	}
}
