
strategic_region={
	id=64
	name="STRATEGICREGION_64"
	provinces={
		20 35 305 420 460 783 820 860 1098 1102 1321 1371 1416 1462 1564 1587 1594 1613 1672 1674 1707 1791 2112 2327 2481 2784 2818 2859 3186 3215 3228 3261 3392 3438 3455 3965 3969 3988 4256 4445 4481 4486 4557 4721 4771 4885 5135 5251 5278 5394 5431 5449 5481 5522 5672 5687 5732 6034 6290 6559 6589 6605 6651 6678 7489 7516 7523 7577 7615 7624 7651 7659 7684 7688 7708 7723 7724 7725 7730 7740 7746 7750 7755 7760 7763 7781 7798 7799 7811 7833 7834 7835 7842 7866 7878 7884 7896 7905 7910 7921 7922 7926 7939 7942 7955 7956 7961 7982 8012 8034 
	}
	weather={
		period={
			between={ 0.0 30.11 }
			temperature={ 12.0 30.0 }
			no_phenomenon=0.500
			rain_light=0.250
			rain_heavy=0.100
			snow=0.000
			blizzard=0.000
			arctic_water=0.000
			mud=1.000
			sandstorm=0.000
			min_snow_level=0.000
		}
	}
}
