
strategic_region={
	id=65
	name="STRATEGICREGION_65"
	provinces={
		159 241 512 551 621 643 1296 1338 1376 1380 1652 1685 1722 1842 2056 2085 2185 2345 2732 2733 2737 2807 2920 3008 3139 3144 3217 3667 3671 3686 3968 3975 4139 4249 4406 4449 4803 4873 4966 5424 5453 5523 5553 5808 6343 6488 7778 7838 7859 7860 7920 7925 7938 7960 7963 7969 7972 7977 7984 7985 7986 8002 8018 8019 8023 8025 8026 8033 8043 8066 8088 8089 8094 8116 
	}
	weather={
		period={
			between={ 0.0 30.11 }
			temperature={ 12.0 30.0 }
			no_phenomenon=0.500
			rain_light=0.250
			rain_heavy=0.100
			snow=0.000
			blizzard=0.000
			arctic_water=0.000
			mud=1.000
			sandstorm=0.000
			min_snow_level=0.000
		}
	}
}
