
strategic_region={
	id=66
	name="STRATEGICREGION_66"
	provinces={
		83 86 121 254 422 448 547 863 1123 1190 1391 1406 1677 1751 1800 1980 2131 2332 2418 2680 2832 2979 3035 3248 3319 3381 3448 3534 3543 3882 4000 4024 4122 4252 4396 4573 4576 4602 4648 4673 4847 4874 4898 5016 5239 5262 5373 5521 5743 5761 5821 5862 5926 5949 6058 6227 6375 6568 6610 6635 7576 7598 7606 7637 7638 7650 7672 7675 7716 7733 7754 7759 7806 7807 7818 7820 7832 7855 7882 7887 7936 7952 7954 7981 
	}
	weather={
		period={
			between={ 0.0 30.11 }
			temperature={ 12.0 30.0 }
			no_phenomenon=0.500
			rain_light=0.250
			rain_heavy=0.100
			snow=0.000
			blizzard=0.000
			arctic_water=0.000
			mud=1.000
			sandstorm=0.000
			min_snow_level=0.000
		}
	}
}
