
strategic_region={
	id=68
	name="STRATEGICREGION_68"
	provinces={
		48 167 391 459 474 561 566 1046 1230 1500 1538 1565 2022 2064 2104 2143 2153 2393 2671 2852 3290 3412 3615 3991 4077 4166 4189 4312 4427 4453 4607 4794 4958 5125 5382 5478 5587 5775 6004 6082 6301 6451 7382 7403 7422 7427 7451 7469 7472 7477 7500 7504 7518 7533 7548 7550 7591 7595 7605 7631 7640 7669 7670 7674 7677 7678 7679 7700 7713 7722 7726 7753 7802 7805 
	}
	weather={
		period={
			between={ 0.0 30.11 }
			temperature={ 12.0 30.0 }
			no_phenomenon=0.500
			rain_light=0.250
			rain_heavy=0.100
			snow=0.000
			blizzard=0.000
			arctic_water=0.000
			mud=1.000
			sandstorm=0.000
			min_snow_level=0.000
		}
	}
}
