
strategic_region={
	id=69
	name="STRATEGICREGION_69"
	provinces={
		26 180 543 607 630 711 888 920 931 1040 1121 1159 1211 1265 1498 1920 1944 1966 1993 2038 2179 2218 2442 2517 2594 2598 2674 2929 2941 2981 3283 3284 3409 3415 3507 3668 3669 3675 3786 3850 3989 4056 4071 4279 4368 4422 4468 4730 4989 4990 5000 5062 5220 5241 5354 5396 5397 5407 5584 6207 6536 6595 7077 7096 7112 7135 7152 7163 7192 7207 7248 7300 7304 7319 7332 7371 7372 7376 7394 7409 7412 7416 7439 7441 7452 7464 7465 7470 7483 7494 7558 7567 7569 7588 7644 
	}
	weather={
		period={
			between={ 0.0 30.11 }
			temperature={ 12.0 30.0 }
			no_phenomenon=0.500
			rain_light=0.250
			rain_heavy=0.100
			snow=0.000
			blizzard=0.000
			arctic_water=0.000
			mud=1.000
			sandstorm=0.000
			min_snow_level=0.000
		}
	}
}
