
strategic_region={
	id=7
	name="STRATEGICREGION_7"
	provinces={
		76 113 246 889 952 1238 1268 1363 1400 1455 1464 1930 2067 2165 2170 2376 2476 2723 2725 2736 2823 2842 2909 3168 3927 4130 4134 4213 4433 4447 4580 4630 4644 4713 5039 5236 5457 5623 5746 5909 6000 6127 6353 6597 6615 10544 10550 10552 10558 10564 10568 10574 10584 10585 10586 10591 10593 10595 10597 10602 10610 10614 10617 10618 10624 10626 10633 
	}
	weather={
		period={
			between={ 0.0 30.11 }
			temperature={ 12.0 30.0 }
			no_phenomenon=0.500
			rain_light=0.250
			rain_heavy=0.100
			snow=0.000
			blizzard=0.000
			arctic_water=0.000
			mud=1.000
			sandstorm=0.000
			min_snow_level=0.000
		}
	}
}
