
strategic_region={
	id=70
	name="STRATEGICREGION_70"
	provinces={
		13 55 68 128 263 281 282 363 542 555 757 1020 1051 1079 1153 1247 1322 1372 1428 1439 1536 1794 1823 1928 1946 2046 2071 2235 2246 2465 2475 2644 2669 2803 2837 2873 3009 3022 3165 3259 3276 3288 3313 3328 3411 3541 3597 3625 3691 3856 3859 3913 3919 3957 4035 4198 4258 4271 4303 4355 4383 4600 4655 4807 4919 4944 5060 5112 5211 5257 5516 5722 5785 5930 5939 6025 6226 6286 6341 6612 6624 6887 6899 6911 6916 6928 6949 6950 6951 6962 6963 6967 6971 6988 6989 7000 7001 7007 7031 7035 7057 7063 7068 7070 7074 7075 7082 7093 7105 7108 7111 7129 7139 7145 7173 7180 7187 7190 7198 7202 7213 7214 7217 7223 7229 7242 7269 7273 7284 7307 7328 7349 7353 7367 7389 7390 7438 7445 7482 7493 7519 7551 
	}
	weather={
		period={
			between={ 0.0 30.11 }
			temperature={ 12.0 30.0 }
			no_phenomenon=0.500
			rain_light=0.250
			rain_heavy=0.100
			snow=0.000
			blizzard=0.000
			arctic_water=0.000
			mud=1.000
			sandstorm=0.000
			min_snow_level=0.000
		}
	}
}
