
strategic_region={
	id=71
	name="STRATEGICREGION_71"
	provinces={
		78 175 591 620 752 810 988 1005 1061 1281 1285 1358 1741 1817 1833 1893 1951 2074 2367 2458 2609 2613 2782 2825 3382 3447 3715 3816 3952 4033 4078 4165 4226 4296 4366 4386 4530 4606 4760 4952 4980 4985 5381 5558 5974 6285 6287 6326 6414 6982 7005 7041 7042 7084 7088 7102 7125 7206 7216 7232 7246 7256 7266 7277 7292 7303 7315 7331 7358 
	}
	weather={
		period={
			between={ 0.0 30.11 }
			temperature={ 12.0 30.0 }
			no_phenomenon=0.500
			rain_light=0.250
			rain_heavy=0.100
			snow=0.000
			blizzard=0.000
			arctic_water=0.000
			mud=1.000
			sandstorm=0.000
			min_snow_level=0.000
		}
	}
}
