
strategic_region={
	id=72
	name="STRATEGICREGION_72"
	provinces={
		90 165 358 362 837 912 922 942 965 1087 1101 1290 1293 1403 1412 1419 1840 1841 1927 1954 2036 2128 2184 2342 2485 2558 2668 2709 2907 2984 3054 3088 3099 3199 3262 3293 3493 3557 3662 3785 4243 4358 4412 4728 4813 4942 5050 5076 5118 5132 5136 5149 5245 5249 5260 5291 5701 5798 6038 6158 6253 6317 6565 6737 6753 6761 6765 6767 6770 6773 6784 6790 6792 6805 6812 6820 6823 6839 6840 6841 6850 6866 6869 6882 6888 6893 6907 6910 6921 6934 6939 6941 6997 7015 7033 7052 
	}
	weather={
		period={
			between={ 0.0 30.11 }
			temperature={ 12.0 30.0 }
			no_phenomenon=0.500
			rain_light=0.250
			rain_heavy=0.100
			snow=0.000
			blizzard=0.000
			arctic_water=0.000
			mud=1.000
			sandstorm=0.000
			min_snow_level=0.000
		}
	}
}
