
strategic_region={
	id=73
	name="STRATEGICREGION_73"
	provinces={
		73 80 143 172 178 445 511 570 807 835 1114 1140 1485 1645 1739 1790 1895 1974 2055 2076 2268 2368 2437 2526 2583 2589 2875 2878 2939 2978 3081 3270 3342 3401 3706 3729 3838 4195 4308 4429 4797 4965 5212 5446 5493 5512 6050 6107 6179 6305 6401 6685 6732 6736 6744 6755 6759 6785 6786 6800 6811 6818 6819 6837 6838 6852 6853 6857 6860 6878 6901 
	}
	weather={
		period={
			between={ 0.0 30.11 }
			temperature={ 12.0 30.0 }
			no_phenomenon=0.500
			rain_light=0.250
			rain_heavy=0.100
			snow=0.000
			blizzard=0.000
			arctic_water=0.000
			mud=1.000
			sandstorm=0.000
			min_snow_level=0.000
		}
	}
}
