
strategic_region={
	id=8
	name="STRATEGICREGION_8"
	provinces={
		259 268 340 385 442 505 525 580 902 1057 1493 1724 1835 2077 2100 2141 2286 2296 2315 2480 3005 3177 3324 3943 3978 4040 4464 4593 4775 5442 5542 5552 5819 6230 6443 6531 6579 10509 10512 10518 10527 10530 10532 10537 10546 10551 10555 10556 10557 10569 10571 10572 10573 10578 10580 10582 10590 10594 10596 10598 10604 10605 
	}
	weather={
		period={
			between={ 0.0 30.11 }
			temperature={ 12.0 30.0 }
			no_phenomenon=0.500
			rain_light=0.250
			rain_heavy=0.100
			snow=0.000
			blizzard=0.000
			arctic_water=0.000
			mud=1.000
			sandstorm=0.000
			min_snow_level=0.000
		}
	}
}
