
strategic_region={
	id=9
	name="STRATEGICREGION_9"
	provinces={
		122 326 332 469 595 688 1269 1297 1476 1523 1602 1822 2134 2214 2340 2364 2370 2667 3014 3373 3388 3470 3641 3666 3999 4091 4099 4345 4395 4522 4725 4742 4977 5203 5413 5432 5604 5776 6110 6282 6288 6358 6618 10413 10423 10426 10427 10431 10446 10456 10468 10477 10478 10481 10482 10491 10492 10502 10508 10516 10519 10521 10522 
	}
	weather={
		period={
			between={ 0.0 30.11 }
			temperature={ 12.0 30.0 }
			no_phenomenon=0.500
			rain_light=0.250
			rain_heavy=0.100
			snow=0.000
			blizzard=0.000
			arctic_water=0.000
			mud=1.000
			sandstorm=0.000
			min_snow_level=0.000
		}
	}
}
